29356 8462
12285 18597
12304 15723
7072 7613
5588 23134
20060 20133
25345 21868
26472 10113
24574 1562
9603 9772
19766 17596
4218 26370
27259 8648
27176 3472
24884 21616
12863 27603
25897 20967
12663 8845
7333 19735
12277 12921
13512 2980
28873 5321
20667 25988
15433 11704
27550 20856
21475 17959
9095 21513
14972 2817
804 8612
2108 21507
871 14970
15573 22588
6580 28236
2076 9732
14434 10172
22652 27945
8971 17989
29085 281
14620 15162
11985 12813
6661 29279
26591 11575
21435 12207
14391 18058
16638 16498
6028 17508
27287 21601
6559 330
16300 8634
10061 1377
14625 28533
29321 23595
17165 24870
23876 2428
10675 2324
11061 13155
2246 8295
20549 19501
20501 5583
4022 7782
17900 10050
21110 15830
27470 27668
11979 14413
2766 22039
15789 17390
21215 11573
11629 9023
7086 1968
7271 13580
111 18331
22554 27532
26625 13746
17676 13590
19328 21698
17191 3691
27567 4764
15340 25680
3076 27318
6556 1661
20001 22344
14870 7679
380 22318
12522 3286
20105 19792
16865 20215
4586 10063
18391 1854
19628 2530
11263 5420
24227 28454
9110 18257
3861 24450
14580 2756
22411 21135
236 8875
9942 15106
16554 6142
8067 24895
9427 28172
15330 26291
14850 15735
2817 3884
17588 22445
6414 28851
23684 26460
23768 3437
15361 23448
23706 25760
26204 16761
13359 26439
21455 19120
8008 4472
25261 11895
10 5331
6530 11159
27442 21379
26893 26078
25263 10945
14986 27496
6259 9313
20419 670
12750 6423
24117 7099
28003 16784
19679 12005
13867 7598
1768 17694
12069 22849
232 7899
28179 6761
14877 22084
28140 12414
18806 19866
19178 4435
13825 25436
9568 4887
21925 22317
7130 16685
25235 5776
29289 11378
13600 9619
14795 11187
27312 26863
4679 27544
1225 28678
768 16102
21405 28907
24335 6674
15236 14156
6929 29060
6055 16496
4591 27979
5276 11720
11127 26330
13315 11059
8351 26914
16497 23145
8744 14453
16472 13423
8460 13516
8564 9227
25437 612
8778 20415
3106 19833
1034 10034
15357 2908
22349 19947
26706 27624
27486 8477
24597 7264
15355 28768
4821 2496
18376 9384
12768 1311
22806 21227
14827 27189
1097 10907
23621 5694
27142 26726
21347 23995
3223 7347
26903 25571
23113 20072
23838 21242
28548 14898
28505 10367
10129 29145
8682 28505
9172 17269
459 27798
9139 11105
25630 6055
22012 19894
11749 15617
13083 3739
10255 16305
6905 3621
12519 661
23693 2820
21902 18704
17718 16870
24890 23666
12478 35
22814 21649
17303 19093
20090 22261
841 12184
28316 22852
27897 6528
4932 11624
6086 11007
27928 12990
14627 6911
13650 4783
9730 2015
19307 23267
18884 10660
17577 2005
10695 6854
19473 23817
25946 6027
16722 26787
14030 15681
16102 12570
22208 21034
24193 28293
2684 18585
11926 13130
25495 21395
13733 5868
23409 28859
24955 12936
10162 13175
10760 16676
20028 26052
11137 12438
27898 23678
9868 12571
10002 25969
25141 28029
13466 19977
22785 11969
9205 1174
25099 5343
22568 5295
7031 16620
4797 2629
25375 10778
11623 2598
27454 27470
28649 5054
10551 23011
28731 16238
6225 5196
8671 2009
3868 22136
17806 22472
4749 27010
23645 25667
28173 12676
1605 1667
29295 2221
115 21133
12998 11737
23730 6915
5670 18842
11968 16221
12496 7162
3102 18721
12357 11772
16549 12044
372 4998
979 5120
27828 24623
26606 22464
7942 24030
24130 3700
26250 24244
24832 5711
2444 15025
12626 8113
331 20413
24333 12826
23395 23255
27366 2215
1490 10379
14259 1861
15376 15237
2800 9667
6324 49
2774 10085
19898 26903
13785 12611
17610 5080
18322 20053
15925 26767
28166 16255
13643 23142
24900 7681
12860 18730
9896 14350
29108 19974
16210 10947
1674 14830
20614 3817
14878 23387
9722 5420
16754 23506
18030 5007
24405 2815
25060 10973
25401 23869
23047 9688
13474 18591
13188 26334
3784 18903
7147 3535
5340 19176
14481 2834
4649 1558
6650 19527
24945 16371
20766 12342
6340 5259
17348 26565
3894 8871
4001 29294
3383 27048
5445 12677
12102 18633
5474 15885
8179 12620
15239 13519
2439 25539
16352 7088
27097 18821
22434 18505
1656 9663
1490 7995
10741 14657
1023 14634
19348 5024
14572 18550
27891 20016
1870 10636
5112 3163
26520 13291
15782 8222
22629 14041
4404 5444
16948 2144
24264 10025
20648 25919
15507 17957
378 26247
28434 1400
11525 18425
2243 21916
7618 777
8395 5308
11412 13507
8470 4395
22617 20072
12616 15889
4756 12840
17152 21703
14983 12059
27547 2095
4442 9517
20051 639
6407 14948
27214 17931
4016 101
6310 7454
877 14705
12761 8109
24031 17050
8323 17291
7765 20939
28999 12520
4422 16794
686 15224
24672 24052
13138 24933
4212 29009
25571 6439
14600 23429
20189 14436
23529 26499
21889 20225
7667 1113
28333 27517
18162 7300
11271 25927
24058 10913
4910 24299
23526 1416
5986 14661
21287 19124
10238 21319
18776 6452
27757 4019
25700 18589
18454 19872
15731 6806
6561 19217
7918 5537
17377 26080
8656 28647
18470 28533
6023 23379
23475 192
20614 25281
14853 12545
15048 20910
4507 287
27361 2907
4305 23705
21495 18579
10040 3690
21204 16600
22906 29122
17957 6747
21665 22432
6037 10778
21609 12060
620 11547
8071 21234
7471 18743
242 18338
10296 4748
18624 4121
3474 18749
27825 20788
3791 4328
24477 24994
16748 13847
20579 5348
20593 12887
23599 22449
23664 15851
5152 20104
23218 13223
11981 26508
2609 12222
15490 8725
12789 577
12845 16262
15145 7133
7693 18935
11460 27990
10393 28207
8300 1615
18 24712
14502 23617
17804 4629
5931 22956
24732 24968
2642 7356
22120 5250
15397 4073
13974 28185
4649 22638
10910 15614
414 18603
1012 11874
13056 11404
6544 21355
13019 2382
16710 23340
21818 977
27968 27748
23932 19164
19180 26573
22339 11943
27643 8380
16015 8080
3028 16483
1362 13938
27916 1775
28360 28928
9468 12059
10975 11832
29233 19813
14213 12406
9616 2494
13382 4048
26061 7958
23211 15884
994 16193
27826 24456
20392 10304
3180 23420
22607 361
8001 21166
27311 7004
16557 7423
14882 23352
15074 14758
9628 25106
22983 19244
27599 7008
23291 24303
10785 12965
6651 7599
24977 940
2698 16013
7064 5877
5896 314
2057 13896
17299 12
16719 4500
3254 27420
23671 18327
8641 3942
14076 2267
23185 8138
5094 12939
28260 11699
25903 5554
19297 17344
2314 17814
4000 9377
23691 5715
9690 21567
15430 22808
21578 2792
23127 24831
26031 17441
13801 5315
21383 23696
3401 11031
27653 4314
23970 26557
16012 16336
27930 1772
143 887
19586 4142
10263 9740
5676 15772
1950 21105
5044 23528
19716 23990
19002 16390
12075 28623
17524 29277
22962 20924
10951 17079
25238 1384
14279 7713
13540 8672
9485 13682
5379 29070
13644 11461
5273 19319
23053 7222
11068 28096
1393 1427
22729 16215
13637 1267
15481 1804
26363 4906
18548 7958
21984 10249
5161 2726
17961 18700
7218 23265
28202 12596
18798 12489
24056 24070
2451 13572
1936 9338
8131 28504
6585 26680
15362 20221
27946 26662
22024 24953
2212 11215
28730 20015
21463 354
22741 5888
19054 602
29152 17899
9017 18594
26207 28892
13307 24477
13108 11062
4459 21238
6030 11043
18561 17211
1907 12971
14517 19750
4387 12548
26785 3760
28382 18891
4113 21766
20598 18986
18187 20394
3348 27203
5451 198
26739 14577
20495 6310
25639 24953
27547 27488
2459 12572
15342 185
25542 25678
19934 572
4689 17362
151 3715
2717 83
21300 23314
19069 10131
10171 18236
3797 15621
14254 26355
842 5392
3308 22300
988 26675
20431 28622
9890 2236
28806 1895
27914 15203
2466 3246
3209 27792
6960 1745
27874 28260
20878 13406
4854 1693
2286 4470
17313 12359
1469 13974
17750 596
6917 14557
23090 23167
13822 3623
25403 9091
1337 23960
24293 3802
23025 23321
27413 25805
25065 21751
24708 16587
5800 25381
18279 3905
494 2055
16263 1962
16029 4656
27734 18765
15032 21467
8396 28853
20910 4442
8587 22246
24221 3524
21868 13709
22664 19924
10157 18373
12318 5508
1423 13938
26708 19701
17842 27202
17575 569
24983 67
1044 23360
14652 16076
11291 23047
11392 2844
27488 19979
25089 18172
19322 17600
2524 12629
3988 12681
26821 16305
14008 28243
886 11360
14407 14548
9205 2626
10936 651
27868 11979
24011 13163
28054 5945
6853 10090
8788 804
25888 340
18975 11673
17940 17319
20121 21927
25819 13406
4695 10470
12292 1401
17649 22519
11768 22673
20964 22703
23324 19475
5325 17978
3282 29199
19742 5954
5752 24349
6758 27459
24688 21552
5595 9091
9514 21535
26837 1796
5584 2176
12266 13696
28752 25734
2678 6983
19051 23641
329 13018
9579 1473
26815 12860
26491 17200
14634 28062
12192 21391
26164 3343
9406 27578
12434 14740
19757 9914
16535 21160
7909 28800
5499 3124
20998 8176
10106 10692
27636 6254
23709 7859
7727 21167
16538 681
4830 1815
28743 12841
19025 25550
16183 28431
23772 28616
13814 9992
4994 992
1795 12902
25612 7294
16026 17253
11289 21951
27944 9569
28205 18116
13247 2395
5746 428
3075 10575
2243 2461
19235 17087
28011 6061
16161 18246
5321 25794
28237 6134
26786 25851
19035 18861
3788 1524
6757 10897
23475 1164
16285 18143
15099 175
20537 20844
602 23611
27238 28020
21892 17116
11571 16366
18996 27731
5255 20136
24169 29311
26269 17418
25805 15948
6922 25413
13291 9498
2773 3229
10661 19057
17191 25759
19231 8371
13066 15652
27802 10947
10136 20337
23882 21706
7346 13521
15900 8420
4301 6532
4194 1213
23949 642
12980 26690
21874 22091
6831 24646
25319 13311
10166 8974
9713 25216
17344 22778
7332 11609
188 17467
2589 24069
5636 5754
8234 17355
14173 8354
23887 18366
9566 14299
14828 18366
11633 3165
11100 14283
23631 2882
27594 4440
11855 7950
300 25019
26548 7631
7271 26735
20917 5680
17268 22372
7253 25501
10370 17246
318 720
6255 5703
15019 16902
24068 22471
20067 1631
3217 10161
333 1454
14600 8007
5224 10719
28845 27591
14169 6760
24969 1549
8259 8700
23920 15511
664 754
3400 981
1473 5475
6684 12311
18196 26571
1245 4726
28202 4462
14886 24354
5915 25306
3004 6958
6668 2493
5192 20837
5072 25981
18205 9150
5324 12769
20480 5988
13522 19700
2788 10814
20994 9471
23125 5653
6686 24369
10379 1351
28830 21084
21524 1209
17033 20347
3986 23701
18659 9178
11001 19550
1622 29205
28699 6945
8437 15643
8752 21958
1806 11540
28592 22799
16830 18180
28451 19335
13192 5293
16505 8486
26377 8672
5514 14053
29019 9499
4217 18321
14496 15217
8515 16117
10886 3677
18882 19322
15139 23453
7744 16944
1456 6979
6206 18286
25158 1121
8264 4813
2233 20589
9118 28609
29260 10451
9126 24742
15770 13342
13707 26085
24379 18041
8666 5908
17537 27547
25229 28496
17463 3616
16083 18919
6414 18109
3668 2215
19229 7751
2848 17281
28339 11965
16534 28243
18236 21479
23628 4649
5464 3798
1377 486
17658 10042
2213 1659
4052 27442
798 17335
26877 12700
6897 3935
1452 6384
1969 16500
14134 4816
4425 13117
12601 16778
7823 1480
8900 27270
1948 14363
26888 28500
10669 15189
9186 12881
16847 9057
6786 13464
26391 4307
26164 29107
4061 27615
6134 6029
10579 16088
10845 10823
25024 19265
27600 3490
20744 7143
26579 18511
17325 24110
17654 23813
5763 22659
3158 18429
2360 5763
2537 28750
5889 24520
24321 9949
22778 1098
15978 29176
17185 22642
10642 12852
8370 4705
12161 24933
11847 5204
14087 24992
29313 2384
15268 1539
25043 18425
19968 23222
24188 18324
18435 720
13487 13399
6489 2728
14497 18286
2548 27501
7391 9009
6817 15760
13714 18977
11336 21380
24180 25422
12835 19957
23625 28103
21495 15131
17171 7926
8996 7822
26249 27431
4362 6199
11473 10850
8927 21789
29135 7294
19934 7169
12122 26750
22928 25835
12190 727
13679 7014
26148 26513
22790 16236
25259 14928
2011 8894
18674 11006
12535 11386
9080 16896
17585 16373
23565 26511
8805 19163
268 24558
22151 12389
21951 11542
4688 4785
12268 18366
7618 9059
11342 26227
25295 7245
7618 23125
11958 26291
4774 24492
8321 9674
7852 25905
26046 2060
18879 1314
17043 14966
25872 9837
27354 14286
21379 2685
14890 4290
16870 22507
9169 28212
15197 927
1920 22815
24051 9697
19749 24644
652 23889
4961 8503
16257 26826
6383 5779
28140 23425
20744 20475
3905 14562
5404 21103
13066 20294
25393 580
9264 5205
24611 20281
1951 26530
13739 26001
2690 4131
21288 3341
28020 22069
11844 10740
19538 14046
16519 14141
3934 3726
1079 3658
14107 6483
24761 27173
22596 20797
23572 27679
21821 14646
18603 23771
7639 28161
16235 10328
2936 8166
13668 26775
878 21331
8158 16236
1840 20496
26196 5773
20042 27275
9431 4792
221 4835
27784 18636
21451 17819
12778 13915
3108 27201
4149 10746
26005 20383
16893 24760
24368 1205
17998 21066
18355 26156
7945 20195
13115 4784
25967 28976
27878 1861
232 28098
6695 28015
17377 28145
12298 799
8523 15405
27999 12671
21971 20467
28873 9507
15871 23885
6531 4512
15594 24886
26487 19358
15724 10246
24141 8154
5685 18483
10015 5916
17224 12529
4575 1065
7138 16872
27039 15660
28096 25681
24151 20710
12611 23667
26037 28481
18195 3211
3637 252
28096 25943
19609 10283
2652 10214
14257 8337
28696 20091
14252 16563
28439 14646
13447 6220
2161 11129
17700 26077
3273 8314
13250 15884
2624 9930
15008 16639
13141 14464
16890 7700
11051 7143
13803 13702
17356 23879
22038 12515
14613 6934
29077 13695
17399 13168
15735 19560
24296 29254
12100 27569
8211 25349
9916 10834
5923 24923
23292 14883
5851 10826
18402 16901
13788 2848
26422 26963
26726 19104
10121 7802
21857 9841
17317 9899
18828 3695
25278 9588
3592 8021
3620 7622
29190 13535
14275 1576
4921 8211
16458 10771
19036 1323
23491 28643
4171 20557
26249 26716
10304 7013
982 27980
12673 18298
4342 2145
17812 264
7552 17223
4104 6991
24844 29113
16345 9762
1332 21265
17972 13609
27856 3471
14932 21990
2757 14922
9010 24825
12281 15133
2481 13262
13756 15154
27379 18098
13118 15834
14181 16489
3700 14104
23479 28543
13861 10467
4769 15192
27551 22740
28801 26050
22031 10196
14504 20607
25117 23513
16076 8041
9290 18556
17123 18865
173 15145
3426 9110
1623 17606
25598 1142
2354 19720
25505 12034
26006 917
27225 20021
19476 22489
12534 12150
3328 22857
28577 28444
17014 15296
2949 22123
315 15891
7451 25664
1679 10877
5417 28477
24302 1659
25439 26655
17198 21587
5152 9668
22503 3021
332 12622
21329 12865
20592 24657
6366 19812
19564 19199
1571 22512
7785 1885
9046 15235
27548 6545
21931 3609
1485 16877
1087 26923
9995 18284
19153 15147
23771 8119
18167 24102
20741 10139
3431 7796
1259 5616
27607 20823
24814 29177
9798 28418
26881 18844
14296 20893
21208 6871
20321 18512
23747 21407
16079 205
6154 1695
15351 569
5634 4161
20490 26374
10120 19740
4813 7198
25355 28239
28020 20812
23879 8462
15693 21403
23125 633
12939 10796
3323 3903
29307 22889
21129 11849
23093 27283
9364 9088
23671 14997
9068 10624
7834 15007
1008 8466
22205 26362
7348 16688
13638 1870
20969 29330
23272 14737
25782 2675
21352 29104
2397 21303
18456 23526
28971 12193
17272 8978
17100 7406
23974 26167
18029 2451
7638 19036
10916 486
11862 14083
17173 25499
15952 8786
21292 5688
19342 17718
4182 11338
13285 6578
28460 27561
747 28074
10397 18018
7696 23316
25423 27489
15946 9916
584 23583
24771 7319
19888 7276
21402 3525
28594 3817
8130 16350
5324 27471
531 9505
5272 9635
16083 195
7839 12649
28269 14055
1311 2428
8014 22553
560 23960
28288 26319
18186 23703
4282 4538
26798 21503
8062 26036
21139 16191
13029 26463
10125 9379
6611 15397
19013 18513
15591 26852
1806 10323
11550 28292
12750 19564
21488 13310
9987 20420
10272 23992
10586 10373
28529 8027
2519 7234
526 23658
23424 13554
16584 4193
22932 23194
15409 8409
8171 26819
5904 9976
7786 17453
8911 16355
3480 26218
308 13466
13101 6400
8102 23686
16772 7274
27533 19291
10328 28058
9412 215
8076 25995
227 26827
15652 15635
5879 23822
8918 11782
4441 12523
29235 9171
28877 28534
6033 29185
12644 14953
2048 16565
5103 18819
19658 3279
4573 629
1980 13984
844 10055
10622 1070
7526 22094
12525 13404
16559 17262
25186 16820
428 20884
25990 29304
15881 27842
24952 28524
9259 26999
11552 14361
12282 1854
17639 16854
27658 15438
1482 24321
25493 7923
21211 28838
660 199
8705 13039
17460 354
502 17887
17057 22311
13654 3582
16617 5070
27925 25875
2712 10121
10879 10813
7794 24337
27667 1915
10418 24968
26236 2374
3534 13910
27031 14
14108 6380
8872 27387
6733 5193
15917 23790
27503 25390
23191 14763
1103 21759
7101 28991
2523 13799
10447 10316
8779 4577
8051 15017
188 4930
17390 3722
18839 10885
28911 28766
17264 8426
26796 19816
13618 9176
14249 7584
1029 8083
18167 2132
486 25267
26942 28184
9710 3852
4964 14308
8429 13014
29324 8616
13763 13178
8157 28421
24062 3531
27830 7789
11956 21089
27604 21393
26084 8317
24797 27112
16399 13607
25063 12704
5337 22648
7352 15046
22320 8135
25174 26568
21148 25141
5827 5554
4782 9804
438 28843
13334 28267
3095 21110
15819 1343
8966 12546
9659 4406
10301 21877
18012 1828
1045 19169
20295 8396
4858 13258
16530 25851
10469 4141
17456 12116
9694 22237
17739 5951
17544 1716
4861 20638
18645 16499
21980 27611
29044 2282
27836 5808
24159 16492
3455 25203
6304 23750
62 6981
3471 12411
28652 13940
16551 16751
21875 22064
9631 10257
28014 22994
7792 28694
14276 22257
15836 2719
20511 11343
821 18990
12970 20799
1945 16425
12465 4068
10818 12526
6869 14288
24936 6164
24047 7950
18734 12385
657 28364
18461 28670
17822 22073
28007 2741
14973 10306
1279 1947
17468 2099
16756 1081
22897 18701
17505 1825
18588 24142
14350 21276
4894 5749
23259 24760
13698 12636
7789 10174
7464 26249
5307 25285
18965 3957
23845 401
10082 25123
2347 27549
23042 19103
24450 12402
4267 8418
14227 22854
3204 24396
10594 3917
25965 4496
28676 6126
17132 7108
16300 20415
29177 21606
16343 14605
21383 10831
15006 2108
2417 13172
25477 25458
2918 20570
8504 7184
28987 18550
25858 28010
13589 2915
2570 6017
7410 1890
12143 20361
4817 28442
11419 457
16511 27761
15062 8537
5055 25887
6465 7472
9702 27761
28749 8440
18974 3716
11443 14424
22265 3764
13078 2318
6678 11467
8334 14088
9176 20476
912 13993
15381 12331
10269 2536
6555 25330
6892 7430
17680 13356
14901 23202
11760 10113
2285 26553
13829 9547
11621 2557
13311 20518
4874 19988
2628 9028
539 11804
25323 1451
21616 7168
9601 2528
9703 11975
23678 16594
19404 7821
25770 768
1666 8173
10881 29126
1190 20529
9317 12810
23085 18447
29147 23779
9078 27594
3450 5437
10041 24592
2707 27476
2403 8127
25824 12105
20101 20145
24519 5969
27965 20932
2556 25451
24924 9256
25220 26113
428 1000
5386 23513
19446 996
13755 24344
28590 17204
424 9274
8259 28306
3214 10662
7076 29037
18586 22996
15645 9568
24784 10073
26319 27340
6167 17707
7239 27207
14463 3487
24026 15669
22819 14116
16664 7217
4923 15897
20240 1166
20991 28498
115 20024
5623 7190
19704 24209
26005 1812
4420 21433
11884 1383
19416 18051
19089 22474
15901 15
25960 10570
11503 15242
20505 23987
22458 21247
6347 13341
22412 23157
8303 22526
13824 13925
25535 29347
8777 22184
1802 9017
14260 13686
6219 139
2380 21127
18432 14100
16961 10856
20489 28464
26097 7458
18914 19199
28704 25260
28359 21760
19061 7305
10749 3528
17050 6928
3519 21646
24931 5320
1306 5654
14825 3344
5792 17204
24470 24223
27123 12075
5722 18256
11182 27639
21533 739
17481 20880
21818 12303
13283 11522
15428 19852
10870 3121
26779 10208
24766 22353
11347 26072
28006 26172
59 261
9839 20349
20303 7606
3067 21845
21681 10068
20127 13857
6626 4071
5380 28443
16373 14483
6429 2444
4978 17298
1384 27576
27505 26150
16392 5315
18685 10861
2130 14563
11121 11969
5555 27243
15394 4441
19731 7718
14508 6321
21574 21133
10391 22773
16040 22584
3719 22468
25027 4516
6229 26411
2735 197
19024 14946
5511 8352
25806 3461
22914 3390
15429 24289
1277 1466
28729 16827
5003 9701
23148 26576
1477 4182
15812 13336
22585 15351
6447 18256
19866 8495
11130 18421
8691 25973
4010 10022
4968 460
13482 23701
29025 24730
14453 26121
26195 13826
13592 1841
23526 3203
24236 20822
3204 6511
4802 25789
21861 7068
10508 12371
11383 21637
26611 15893
18253 1264
25914 19040
26899 10039
9204 26568
5412 23657
23332 27426
3946 3387
25086 23291
6589 19965
14756 9793
22296 15377
6225 14800
18265 16732
22990 291
4832 20244
16183 18904
21508 8561
4407 14870
14419 13610
12081 15651
3730 1877
13720 7675
1083 5270
1609 3492
25234 12185
13284 18173
23381 15328
28793 8109
27879 22426
8399 28530
13314 20402
13897 1285
28962 18303
16154 14024
27732 24055
318 2106
21751 9858
5600 22833
15127 3029
26324 6824
15213 6071
20817 5057
17218 20253
13166 15740
9142 17384
10733 18275
8429 24629
15379 3854
9395 2177
13698 7771
22051 9835
5696 14445
19692 11295
3741 1282
14323 25885
3926 25355
2599 24742
26232 19817
11458 10041
2020 16419
23244 12753
5338 2317
3845 20716
1990 13240
18712 15687
21010 7226
21342 26705
21670 7497
4463 21231
8779 14606
17759 8524
10604 20357
3909 7479
6637 11186
13339 4477
27604 7227
17229 28761
5363 21073
15941 7352
4956 1116
18859 21785
8342 10844
14953 25831
14160 19416
17705 22938
4665 6107
27281 11088
22284 1833
14387 24740
8838 27725
29216 2906
5595 12908
2310 10957
445 14070
14129 1220
15186 28807
23005 19347
6114 4421
15821 20273
19656 4170
9675 20140
6096 7599
1872 24199
5252 16258
15403 14089
10446 15262
16994 11861
23990 15124
18637 24434
25013 3409
25653 10842
28035 15121
26008 4792
15362 12473
25065 5661
12462 1203
25801 14377
8801 23492
9220 14052
6213 20442
23961 16658
2167 7418
28518 26156
22541 17799
17053 18198
17027 9170
24859 15706
24290 21511
16317 10295
447 12025
11776 12908
13227 8220
27284 17848
2355 2967
2543 8567
23408 22323
21044 25575
385 20206
18194 18745
4468 5891
3406 21494
15060 24085
3663 5813
12059 19980
11928 12505
27824 23703
21232 7515
27742 14979
25362 25916
17946 23724
946 7817
12511 21989
29211 12895
8658 13869
2283 13125
19759 1509
1083 1282
25593 565
7094 8295
16364 19021
16619 10652
9187 8494
18166 3392
23472 9991
29307 12061
178 896
15698 12688
18705 11372
25582 27362
25240 23685
6951 15642
21013 3853
12743 17249
237 19837
21363 16601
5321 8625
27252 10328
17118 11881
13719 11233
21871 13670
19114 22048
10385 1275
1200 29089
12646 22601
22915 4350
12749 25685
15811 4405
25357 28554
17473 25593
19034 9479
8657 20174
13923 2372
1145 1684
14252 14864
8737 2586
24353 23670
20454 5381
20764 21653
934 4053
14897 19668
4222 27646
15996 20033
2694 7816
19230 15987
29228 8907
25465 8529
29080 5852
10900 26045
3355 20972
11552 12091
23557 6548
2224 10474
7748 22987
2770 8681
22860 13487
28348 27081
11776 10807
17757 10289
18622 7630
22095 18494
12356 14024
22842 7900
19875 205
4588 23229
21176 16139
1784 11197
18506 4007
21670 26253
22814 20260
5578 16317
4390 389
9861 11985
11196 27618
18093 25637
1711 10832
14774 14067
24855 8259
21966 15373
4284 22373
5065 25459
9155 6848
3119 23480
6675 20609
20376 132
11512 21773
12268 11721
17982 22128
19525 24997
16209 8261
21277 17920
14912 2515
27806 6230
6593 20415
17422 10876
13431 22487
2799 18405
25154 5917
8348 2472
26525 24543
27779 4500
16960 10690
16220 1405
28638 6388
26401 15490
10469 18321
29229 21200
16655 27678
27430 23248
18736 15495
4767 27986
4445 3385
12854 243
9302 21201
2714 2290
16388 1137
2610 29167
7646 18829
26391 6927
21037 23435
22417 27325
8219 22289
19168 24874
16431 17241
14585 1630
28556 15171
260 3644
18556 8933
29062 23677
25954 2420
25966 12985
28732 28575
8615 2841
13868 5649
9768 1368
24903 28004
28692 28941
16756 18503
24458 3830
2208 5506
5460 1407
20677 1539
870 9876
10471 576
16 7068
28171 25981
15872 23366
21020 20306
26206 1351
21774 6617
2718 17320
1084 2053
16905 17840
16375 7826
21669 14402
9152 22948
11628 472
24486 12498
6167 1421
8893 6182
4308 7707
27982 16000
26892 19645
6949 23741
20995 24543
26178 19532
8326 27261
21584 21050
11564 4423
28876 29053
18824 8671
22644 1096
4962 13594
9413 11128
15014 14125
13129 19321
21831 11754
1784 15186
27219 8733
9570 14677
29095 2211
4853 8064
116 22256
29114 7499
26678 24453
7195 11966
28943 25659
8881 4548
9896 14113
11495 24909
28237 20443
10693 16531
2840 12477
2360 25878
17029 11929
11199 12587
14140 11871
20650 10075
4770 16227
17573 27268
11323 20588
5697 10909
16890 14577
11276 26785
28689 22770
18157 27569
9676 24669
14743 12516
3609 12922
4857 20637
24850 11875
29043 5453
23745 20337
11347 28515
7207 28920
22246 14350
20151 27942
21078 7684
8982 2998
932 8314
21587 19088
2346 1907
14400 12908
10242 18009
25829 15098
5109 17142
22793 4796
18415 17181
20952 405
12159 23978
29324 5048
4791 15938
28809 25869
19441 8434
28866 20372
12567 16916
10103 14912
18822 20323
23639 24883
4795 15931
6445 9903
28893 29237
10518 17951
17061 27289
18355 25040
21911 14143
25907 26701
724 25360
23213 15985
4437 18542
7000 12824
6102 12923
23555 20743
3889 17838
16270 8683
232 22714
14405 29124
22594 20743
17718 6118
18675 6717
1801 11229
16679 27708
4394 13222
19531 23426
29206 19787
8432 2670
3254 10353
15592 26809
1739 15300
15290 13828
19802 11341
3005 670
11109 21418
21412 28826
27536 10731
2006 25156
17779 18684
19327 22172
27726 9501
12062 27575
29288 20493
26064 3185
1489 8119
637 28403
23418 11746
12875 9683
23087 11699
10353 4839
3761 27584
128 1940
8958 2134
22915 22557
16637 12886
11192 10826
22386 23253
4865 22317
10209 1572
25502 7517
9691 21958
2384 28928
4348 15258
9255 23254
22776 15427
28092 26536
9474 24039
28475 18432
26172 22034
7452 9273
1383 18643
20098 23768
12540 24962
16729 18568
22354 8694
26085 2688
26471 28468
2259 1462
10189 7333
20535 3608
18579 19270
25964 28053
9773 25082
12948 2408
13579 20399
11680 10781
9685 27598
5193 18044
19023 17741
7256 12020
22254 29160
10527 19368
24091 12786
16650 743
15938 7828
170 5161
22918 26133
3857 3334
17679 12624
5741 27077
3666 17421
8502 9170
11482 9514
27214 1148
27254 933
8988 20151
25912 19514
10162 16466
28119 26811
13028 14701
5283 13197
15681 28200
5794 15357
2177 19292
27980 3737
17012 2289
21157 21333
7278 28458
1490 955
25426 28743
1887 5057
15357 23618
20390 21339
6547 19153
18793 19574
4497 19895
28591 20177
14558 5028
1997 12554
20139 620
16291 7794
28084 3911
24947 6005
3013 22256
6960 28438
21643 4666
29314 3463
28284 20347
24801 5474
10143 10058
20868 10459
596 20102
26455 10974
20949 28451
23527 11731
24890 10461
15344 23617
14372 10934
266 13204
3834 3045
12285 21296
7710 8062
20578 2457
28408 16023
3751 5015
21900 20438
11293 18315
11183 4212
29288 2775
28482 23459
10325 24016
383 25668
18276 10574
3066 14361
23777 6899
13225 2525
24014 20935
10586 15235
19211 5458
27077 18781
6292 19620
9862 13404
8579 16864
17615 8510
15458 16741
27788 25782
11400 28171
22094 25495
9388 25159
10500 28985
27877 23724
2153 22534
11122 12739
8412 26153
14016 1953
11397 16127
21572 21259
174 794
8766 17789
5124 24224
5173 3555
16469 12392
27545 9206
8530 3397
828 14849
3025 28704
5037 5177
21881 16158
13735 26113
8774 27750
23885 20171
14520 16100
12073 10514
12714 16658
28302 17837
7345 29294
17211 23814
12329 15400
28839 16678
14616 311
2171 17640
29014 7207
22816 17359
19184 3015
9935 27958
26584 4463
18772 7568
16382 26664
18081 29095
9785 17026
13395 12950
16963 1250
7407 25111
12469 2709
12432 27084
3019 14602
11187 27853
17628 466
11675 7456
3480 21609
6057 708
21891 24828
4095 8916
17955 22175
8655 27739
5664 22049
11332 18446
19118 14558
14200 27406
17267 22451
25133 16105
7697 2783
14601 25324
3249 26275
3423 6728
14347 5299
3255 6881
25946 3169
11617 14544
25343 16091
8747 1650
4603 15898
20095 23721
1100 758
21770 14186
23209 13367
934 26725
16149 11355
22692 15217
4093 21935
17765 14260
23053 16839
21140 19643
20008 28576
650 15994
15310 9396
13464 15733
21114 22
10097 18033
780 27686
2862 23988
7516 28971
21356 19485
6789 10511
1165 10882
28265 18929
25141 21962
6412 12744
12248 26419
7784 12897
8876 18913
18113 18159
5289 9870
18181 15385
27902 18960
9535 26583
9411 12870
22017 26586
28174 28806
7740 29339
6151 2469
18911 27111
24430 25322
6318 3141
18204 14101
11857 22900
3658 613
11702 8946
6302 526
20151 667
15305 25505
23069 20535
9018 15730
17764 7836
10999 21324
7818 12969
23792 22548
10723 18865
14334 12860
17825 28357
22781 325
21900 22258
26114 66
27023 3059
25767 17817
28902 7536
9785 22614
28070 14623
8987 16478
18278 15805
8445 21915
28773 2880
15106 10139
17564 83
18819 6032
24260 12243
2176 16803
5144 28289
12688 2810
27168 9099
16447 26713
16634 22051
19970 11167
7317 24777
27644 21414
7045 2552
13972 6462
1251 29078
12420 18814
24980 1882
20665 19883
14124 22841
3150 15087
21773 15837
13717 15404
20755 25983
12760 3852
14497 28550
15019 21814
19790 9126
13871 26834
11678 23663
3939 12928
19204 16359
27562 14827
14060 18870
1174 24004
8174 143
5554 25767
11799 19270
11814 3198
11716 20394
2869 26213
19587 13707
14490 5840
22833 24180
3317 974
18486 3076
9721 8333
15254 3746
23160 29313
22616 20153
19780 26609
20295 25334
23019 2737
15247 1297
1754 22783
21690 443
19639 7740
14149 4772
13579 3445
24771 12715
238 13901
11610 9959
22233 26863
13704 11856
22640 2783
2652 13063
36 18766
9040 18874
17323 20107
20170 14896
9353 12503
15338 24811
20242 131
25402 284
28751 20816
12999 28989
5360 24608
5411 27593
17935 19114
5912 7038
17717 4384
20100 13572
23149 24960
3089 6935
11530 19079
21831 20882
2225 7812
16336 18287
3762 12381
18570 3157
3840 27388
27965 5020
18460 4019
3256 7038
18952 9167
14075 7312
13550 638
20883 3163
21417 19792
10097 3590
9514 27747
20291 7558
6203 3090
25844 5784
11290 10878
4760 10950
8909 3368
15969 23188
3206 19224
26045 22158
24210 6583
113 4224
7221 16816
3206 24457
7251 9122
28047 12584
7513 14801
20141 9535
17891 16629
15318 29180
23326 15898
10773 2878
19265 26741
21886 22471
12428 18574
11092 3102
25157 11204
3145 28197
23839 2170
23297 1733
11291 21987
14316 18803
3252 5101
24157 21142
17549 5939
16785 11518
21836 23378
10215 11744
16582 2744
678 29010
17138 11769
27931 12938
18793 26895
11778 13275
29064 5718
10828 10998
23525 20963
25621 26776
21883 16241
14381 5895
22179 1809
13232 14658
21006 23447
22222 8232
22010 18719
3705 9791
26308 2279
18548 15744
24993 969
24838 24700
2507 2129
2161 26031
18912 23601
19270 11438
6306 4294
17333 28484
1922 1208
13786 22928
20474 2471
26979 8948
21189 1327
14558 18140
28781 3750
347 24417
538 25185
15580 28220
23133 13560
20714 12688
3625 10627
19946 9930
10740 7922
9057 8482
4949 18662
27229 21243
21132 24851
834 12965
26177 11211
26924 21421
10780 27271
12301 11318
18919 27880
10181 12695
12083 1539
25383 15707
7985 15972
21456 14545
19713 1157
23026 20481
19818 20898
8187 11594
16392 4840
20378 9032
16051 17945
26272 26830
15859 9216
4611 5421
7739 10612
13936 15641
12150 5782
27168 15954
17573 19267
1142 3749
16243 24167
24229 6705
11528 28236
14118 23739
3719 959
28590 15589
18903 25505
8883 1226
5364 13493
2466 13102
24104 16401
24563 2717
18002 22374
18671 6218
8104 15632
9966 24347
6263 659
26871 17790
24714 11632
7993 28432
8410 7226
10485 27312
3375 19367
24357 8738
3503 22643
17660 23427
9687 8686
26143 23509
26879 11277
370 5626
26909 6156
616 28991
2634 23306
17424 27347
5581 21236
22242 13990
28462 3370
7766 27656
22736 27942
2857 22059
21228 16336
16129 26735
25021 12915
20887 22543
20012 17076
28169 13384
23231 24604
13018 25864
18554 26261
19674 19954
18141 12560
408 13066
15929 3993
11365 9309
2578 10041
27187 23806
26377 13959
17004 17861
22693 8534
11048 13348
25609 5680
22551 15304
26103 6212
7631 11120
3117 27305
26894 17077
10508 27301
25962 26436
27113 3790
2208 334
13830 38
19959 6670
9816 7606
24531 3153
11959 2042
12320 4032
3541 5515
15155 287
7546 22785
7227 6482
20733 4764
23558 1884
27884 15983
24140 25640
19772 22167
21793 4246
22205 8216
10915 27840
11641 1909
1636 23600
29126 9776
23451 3310
11110 9249
28773 18655
2677 6643
20957 19230
7226 10978
16933 5753
26961 11716
27212 17376
4527 19648
17441 22551
27863 24176
21034 5968
26084 18490
211 25854
24085 19481
29163 5838
28729 28579
20312 27225
1685 11912
17098 8910
22890 4675
10482 20494
12210 8337
8513 12556
27985 25954
5750 22311
16593 22604
28278 13320
7557 24308
5637 2285
10252 1264
3942 5444
486 24253
3313 27347
2629 16230
6900 25518
20904 17382
12475 28934
25718 16807
12133 20166
9224 17883
8941 25816
6950 3682
9780 14506
23810 15416
12610 4705
16679 16551
10149 12985
11447 9281
6795 9895
25510 13694
6056 12878
26895 18530
12455 19077
5981 24587
5706 15204
8933 10466
7484 11702
14148 17263
26207 4421
28498 9460
9125 11641
21830 15093
20445 29097
24373 27239
9635 20527
7396 15691
29224 755
684 12322
15651 2484
3372 21356
13508 8125
2466 20991
19826 12433
4717 16677
16853 3858
21956 21797
11318 10250
7534 27582
9990 27726
25464 19624
14716 28680
1778 14583
25254 27638
22724 11548
765 26096
28723 14272
4864 27008
5906 24689
10084 6442
7829 22756
10300 25605
15197 17437
6498 18550
15663 12307
16919 7590
2574 2279
6913 172
16861 27986
27809 10229
10177 28573
2788 9544
9309 3471
3015 11034
23979 13099
17476 27628
2318 23595
23876 17514
11675 26193
6707 27337
9143 23626
1391 7536
21724 4123
7707 5048
2753 1979
11096 12929
26372 13883
18292 6324
13173 21307
13177 7796
869 1296
6067 3186
24890 25762
16520 3029
22598 23226
26185 27560
13315 27575
5739 1502
2342 9266
6550 914
11244 17645
9662 4079
2172 27954
10402 15344
15724 23579
18959 12412
20694 25025
15597 16228
17250 2760
15076 10491
21806 7724
4514 1584
5943 6073
3086 4104
11158 9635
5017 18221
23099 14678
22300 25270
9095 3345
7078 20638
22743 21856
3693 14081
17525 15110
26128 5418
13689 11847
11729 1958
19570 12062
3542 21332
18134 2447
21255 29291
12081 26271
18156 5823
7413 11099
26913 12327
10263 454
28785 3650
22309 28297
17730 6297
14050 14501
7535 23559
22167 15083
25516 8200
27144 24877
176 15922
27323 21430
11676 10047
14165 475
11690 17397
7393 5066
25543 17656
1339 24971
21305 19467
23912 9678
25764 4425
19998 29118
23803 12808
14844 19963
21007 12631
15483 17002
24372 13450
4896 6692
19316 19060
2986 26825
2920 10379
27710 28462
28034 29048
19897 19982
19159 10272
25479 15566
10516 16120
11147 4963
24747 25990
24925 12217
5084 6871
25039 25276
16140 578
2611 6100
19637 1416
28744 18376
11794 27098
17481 10471
26789 3841
26272 16591
14112 18214
27976 24628
797 9766
234 25543
2219 20978
4224 7303
23668 29262
28398 10452
483 26828
16551 15939
28243 11758
4958 10681
9499 18258
16971 6932
22099 9707
19342 2674
27920 17962
27301 28717
23547 23354
20723 25766
10795 24946
28888 5107
20671 27929
15558 16973
25400 27928
28731 20106
10329 4332
26606 19828
18410 14221
26759 6972
23927 12564
9645 18310
1169 3410
17670 20536
26763 4857
16945 8202
25622 12296
9128 16937
6688 24685
373 27907
23256 29104
18656 4228
29255 15906
19875 18308
25946 13097
21099 16336
25661 1388
5289 22649
4797 18779
13828 27379
19455 26592
2044 15720
9531 11171
28476 12038
6499 28849
6408 25574
28596 25064
25622 28494
7433 16140
13266 29198
25057 5008
16177 21361
6395 17285
14653 7011
2527 28481
5034 21981
21536 2897
8345 26887
14068 7464
9568 16386
2776 15976
8424 2015
7503 4689
26329 10755
16648 10238
10596 12348
11065 22592
172 17460
6340 10645
20290 4687
5589 21143
26667 27124
24040 1475
24654 4571
4759 686
20956 7534
16661 25199
5369 19983
531 2341
1381 12999
8398 7796
21166 19462
1031 17158
3385 3190
27802 19495
7876 4034
11281 1007
1801 1784
2481 22275
6354 3059
22960 23130
6413 6084
18972 7601
26066 19503
5761 23266
28321 14158
1705 15950
83 27911
3751 28644
26920 2196
18782 5440
6229 25882
6446 3850
27666 4746
26124 4663
3625 15547
27792 10037
21630 17408
13457 14159
3374 19217
3888 27514
29194 1412
14107 29276
25142 17858
28563 22705
15873 13808
28144 17922
10334 1053
21771 8643
5799 14358
9125 9423
548 7561
15279 17997
20788 28735
27975 24161
18595 27682
18138 18432
29093 2888
14171 24878
16565 9198
14046 3082
23005 12834
16823 3982
13886 9237
8444 15504
19414 17569
20746 15781
20949 6668
241 12380
1866 24035
3004 20460
22360 21141
5355 22096
19848 19526
13437 7057
24543 27482
5958 18191
6779 22780
17993 16485
27836 22256
2632 13713
10468 23378
137 27236
25865 25553
10259 27731
20231 9082
14654 13234
866 20009
1793 20714
5998 15229
23590 1184
9174 191
15194 11773
18790 29006
28257 17269
21906 26708
1625 28193
16549 26937
26073 13058
23133 2795
7252 14007
11877 21905
27240 12742
8377 24852
29275 10194
10724 23508
7197 15717
19518 22391
27489 8951
22040 22209
22039 10409
15381 19483
9246 2573
17063 1782
11450 6659
4576 18701
20665 16452
7070 14368
25014 15446
9863 20752
25640 16406
10724 3480
27943 885
21690 21895
5656 10194
14748 27694
20602 772
17821 25667
28520 1347
27448 10614
8006 2668
25134 28670
14939 2847
9502 6416
14113 15184
27168 6216
2234 8535
5515 25996
5239 27205
18534 10894
8042 3925
5052 24463
516 18692
20774 29036
20038 14685
6113 28043
17352 1890
23177 28111
557 3322
5170 14669
14325 28157
20884 16558
3155 26398
13197 4214
20066 27551
10927 23927
2119 15978
19034 27811
5313 6271
23310 21171
20955 66
19857 4771
27131 9497
3525 23507
8638 4514
8819 22963
28491 25522
10164 27465
18384 19181
2322 4913
17375 9069
28840 15313
20866 18517
9587 21999
20607 3540
13813 12205
28781 133
16975 22376
9630 16319
16526 18267
16653 21165
11873 11607
13150 17857
9715 27353
7681 7857
2910 20875
16925 2393
2651 8434
16729 12238
1076 7979
15777 14888
20183 11022
10841 3622
4041 20470
19940 16386
9380 3056
8194 21253
14662 21344
5573 20197
19340 9073
28053 22249
591 11441
20461 3241
15694 7833
11298 16770
11631 22895
27477 2458
4560 8961
1899 4420
25250 21838
20805 5274
20714 24819
22346 1839
16806 23738
22035 2609
3454 16551
20678 4044
27991 11782
3104 14329
15435 10222
26918 27065
3760 20858
25342 4139
25639 27240
8558 21532
15542 25182
22625 6899
20644 11434
8737 3913
5815 26592
6522 9268
13786 23019
9131 12421
1264 8055
22569 16698
18276 15950
10227 22035
7451 6212
21993 28909
29272 1194
16905 15457
26375 10173
22355 13483
17427 26911
17395 19061
24146 19736
24149 8576
13398 3923
16816 10482
7797 5848
22999 26072
21797 3869
14570 25067
5901 7206
24620 5816
4219 7988
21272 26414
18160 10090
10540 2050
3464 23754
21111 27610
14134 15903
2649 23351
15645 15284
4476 23442
21131 27475
15977 9391
27163 1191
921 3707
8396 21360
9522 12615
29347 26613
9672 13971
7346 16031
16020 10810
10428 3594
4883 20381
15316 3351
14376 1605
18634 14671
20866 6228
8609 7486
11438 6416
4496 12358
5942 12892
4362 15464
21326 172
8540 26817
14142 11706
13491 25982
18335 19738
219 23217
10763 15535
22387 25138
12959 11664
6272 288
13711 14881
7773 25148
21296 12269
3969 27237
20980 4150
9164 8769
4322 13524
6229 18463
25229 15539
10908 14207
1740 11127
3887 12502
22481 26273
4103 1903
8580 10375
2190 18110
25255 5782
9721 13014
18050 13689
6714 5493
17839 11698
14261 17980
21041 16309
2906 16913
27667 13814
26939 25227
20760 1469
8372 13884
27741 12475
11606 2784
18669 9615
20893 10387
15396 26433
19220 29266
10765 21753
5402 24423
29270 15483
13046 20954
27611 11772
8510 21742
25585 6092
17612 16988
7560 21803
26691 1764
741 4760
4547 19409
14374 21259
25615 413
18335 15478
322 24920
7875 1544
19986 7788
12846 28852
24562 11100
11267 3715
28661 3315
5627 12736
20302 9006
5183 13456
6590 5923
18215 11136
25332 3232
28215 21590
28820 17193
3532 29142
8576 7226
26505 28562
10833 9994
23877 6038
16913 5787
5573 12038
9101 11199
24773 25222
16024 599
5141 22613
6522 23355
213 2497
22406 28427
19906 21869
12083 23437
17474 20659
1306 14622
15684 7959
24615 10204
13996 7992
11810 19568
20029 16730
26586 15445
12595 13254
16044 17735
2330 18385
7553 2542
20881 602
26788 7250
18290 9515
26507 6408
817 23632
21029 12320
2234 12108
22523 16230
15919 4976
2261 6591
21705 28847
17855 763
8564 362
14317 10893
18746 21869
13435 6090
18290 10866
13340 3043
16200 6310
9450 12836
585 26299
25155 27995
9050 18321
10688 20788
19116 12948
27378 7284
12438 15876
8046 21001
12058 22362
27714 1447
10694 7612
7537 24803
14297 20876
27846 1141
27185 3759
13976 23589
701 9775
18047 5570
23915 28734
26357 9495
12326 24378
16778 20583
6718 24824
8048 18775
13649 6405
20221 20163
14016 23577
11429 28312
15096 9918
96 8744
9497 9892
28153 10197
15486 16843
15767 5864
16221 12767
15358 24366
3609 2780
15592 6146
27603 23639
20740 7715
687 7424
23697 10522
1645 5770
9478 12560
11507 5393
17124 21003
15284 15920
1844 26589
28582 13430
3097 11266
22016 18454
6275 25624
21233 21867
27589 15299
11969 18972
18834 8476
22216 13174
18997 23860
18943 24294
2883 26270
331 20006
17916 11434
2389 15579
8667 1615
24828 7583
12880 17488
26036 14975
9575 13733
3305 7808
24851 15273
22599 14328
23748 15458
27502 9209
5781 12908
4146 8664
9821 296
24489 23557
11730 26878
5599 16216
24312 1071
23798 7835
18558 16297
18629 28132
673 21933
2403 25524
7850 25002
6315 27417
6923 4460
3089 12704
13188 7235
17187 18828
7530 12319
13028 19259
5660 18627
1938 615
19697 25735
4270 4718
12676 22898
3493 9168
11295 5896
5335 14964
26717 11650
13024 4283
11929 16113
12806 20936
19167 636
10408 26696
8775 19255
12419 14434
4345 14356
10869 19861
6555 10958
24578 19230
319 23891
28397 11613
25606 196
26576 22966
7665 10244
23068 15413
22176 6518
6993 11986
7153 13220
5145 11747
28294 13383
22001 3283
23559 3513
23143 757
10290 14185
15806 10608
4539 14846
22221 788
10861 19440
19573 18525
25503 13284
4582 14142
19801 7394
21947 22774
20613 27092
5164 19550
6938 22984
18652 1140
22316 8259
1896 3249
22443 17701
13857 26981
28367 6721
23588 9871
26160 13804
24216 18127
22907 24617
2912 13352
2654 24859
2589 19086
18414 7752
5099 25351
26556 23751
22311 19515
27829 24206
22764 16735
12551 7264
14359 7381
13984 4410
17251 6607
14033 12110
20553 7583
7370 23465
16754 5843
14787 19342
24928 29020
22914 25847
20834 20113
16061 13788
10271 14533
8638 3678
1911 17008
10941 12089
20208 20744
12318 8102
23171 26350
16032 14367
4576 19221
4295 21330
25064 14901
7135 16455
10384 692
8765 1862
20804 24825
11469 1719
5821 15926
5396 7731
28753 12157
15639 19604
28720 27956
27706 18354
20769 10201
3365 25345
65 3479
13138 20948
14200 20272
3867 24583
16784 12631
22264 8231
3920 4377
9949 9740
20302 11165
13291 15519
19141 28929
5766 18504
23349 29291
7502 14761
10135 6686
6569 6020
5984 15526
22787 16003
6442 26653
11230 19045
9928 29313
27275 9667
153 3688
19406 16275
14852 3340
2437 456
28089 8202
14779 22081
8137 18100
3305 14091
24785 9874
15930 26589
25399 9361
13235 27660
6657 20284
17348 12404
16061 15267
22070 16213
18954 12120
3131 269
11279 5567
724 5831
9589 15502
27911 13545
4246 27036
27635 24850
7553 14209
17902 3595
23569 26957
27075 26045
17884 15066
9093 4588
26152 1806
20801 15749
9745 19751
11837 16844
25318 8380
22674 5550
19702 17049
19094 19767
14728 13192
11080 18100
23220 28982
21694 17432
26582 15232
9941 10929
942 19033
11337 27093
16658 2781
9306 22223
18351 16962
9710 14312
25342 28203
15681 15687
11715 1238
1917 26442
10250 12996
11005 4113
12621 28519
17365 5666
14394 27305
16595 15335
12801 27931
8892 102
26531 18197
18144 15525
1622 27853
25657 26963
22520 7801
9113 4878
4859 11029
27140 15108
24025 8788
15040 3109
7950 3048
4595 22344
26172 21189
4142 9616
15583 13033
5538 8577
27049 23681
24101 28671
17998 16221
22097 11161
19842 1854
16038 24700
8702 9641
6271 28546
18429 21310
2299 22198
24358 2713
15185 16993
23901 15147
26609 5947
28179 2790
14523 21692
22290 5087
21006 10931
21308 13746
22091 7613
11419 4593
2956 20121
14233 9226
19310 3305
1179 17428
21323 21356
20140 7151
4813 10504
22297 2065
16450 16940
674 26792
9275 18783
2523 26100
358 19650
10489 22448
27262 21908
27040 26037
12672 7737
5906 27801
6861 2904
15873 28183
20080 2476
5978 24892
12980 24094
22776 73
7497 19269
22685 16771
8695 25207
13514 9052
11320 19823
27320 9225
8194 20823
5905 16685
28559 7630
15129 6064
6353 26821
4890 26432
29297 6687
17787 12920
1425 11206
8812 8921
26294 2140
21512 5633
23166 1489
10504 5129
17131 8467
10173 25324
25110 11897
8472 24312
15346 19421
1019 21699
16885 5909
18774 16825
12595 3025
25564 9839
14230 840
14580 6988
28155 2555
8440 17785
29219 18943
22913 16994
23230 28906
8781 18983
7266 17253
9758 22612
7317 10777
14954 20021
12505 191
3310 20919
3215 28873
1402 13265
25532 11801
20252 24331
14355 28691
12759 14217
14097 2135
27030 3790
26860 6455
18592 4770
19527 28350
27381 22663
9770 8798
13327 18094
8988 16636
9656 12203
11973 6877
21287 3968
18677 12182
28298 28851
7336 7520
9532 21432
5475 3025
21042 28154
9479 10277
28743 24825
9270 22587
13951 14859
2028 27278
3596 6836
10377 9072
19038 18169
15948 6788
22137 1089
18969 16898
25759 26304
20238 5934
14199 21532
8959 5884
20329 14257
11981 19716
5546 21250
12946 19496
6753 14974
13237 6168
21809 19434
15239 7310
8246 1831
14097 26202
28095 28885
13744 24497
21652 4625
26251 2314
26156 1673
8198 12948
11749 15998
3307 17294
7891 16253
3254 10463
27046 16490
16631 15318
6567 27689
18447 10633
25339 28363
7478 24077
27891 17041
15038 20186
21665 7752
18319 14284
9424 22336
27232 21172
8977 26358
4930 16868
9074 4003
23150 6763
16312 6244
17900 18699
4577 6990
29331 559
5996 7452
20456 4530
24493 6137
20535 12621
9708 5318
22725 19131
27653 16420
6766 7274
13421 7515
19961 22495
11517 13754
25077 27829
19998 13621
17171 24574
20610 12965
20952 26606
16236 12051
26955 7192
14007 13954
15633 23714
19271 9001
9308 17567
25420 11894
20660 5304
19408 11264
27798 26745
25018 19339
21037 15659
3603 4671
6696 24212
13455 23467
17281 334
1982 10700
7526 15988
20473 18978
6166 10387
27978 11293
23773 19861
23186 15077
20984 9058
26340 19426
2266 17821
9408 19122
29299 8830
23792 6638
3685 3710
749 16786
4043 2730
27485 7388
14537 18601
26365 16522
24807 20806
23635 15043
11310 13284
763 2938
18161 22923
18183 20426
7207 23410
6011 7150
2883 25622
13787 2387
29331 10355
19172 4018
8904 13120
7225 19261
27540 4234
2246 22990
25039 25880
8677 2813
9808 5259
1570 27968
24001 19752
14858 1852
9625 16688
9001 8327
12954 18607
10713 12928
28962 25705
12765 4329
5288 19990
23589 3472
20043 25835
26461 15725
18178 1601
14357 27985
6860 15926
22417 1504
2141 3738
3355 11765
20425 8175
20091 29198
26782 26624
12770 22207
22972 21354
22355 28259
7807 12408
2374 27849
8886 24655
10038 22883
26255 24394
17332 3758
6784 6212
1082 8924
9949 256
20689 26193
8431 11423
26035 1676
8690 5268
19702 27481
22441 12700
22204 892
25107 20397
28740 456
15695 5241
19159 8414
279 7134
12171 2882
13345 9072
11805 19113
9328 3137
15949 13578
10380 8447
11073 14889
9534 26594
8834 2619
5757 1681
28686 1508
22077 28069
27139 4236
29130 16941
12649 25228
19894 20639
28109 3882
25531 10557
22994 5502
13694 5407
14899 19893
13853 21791
5425 19207
19028 14258
17645 24784
11758 16974
22111 299
11506 15714
4534 11279
28474 13002
7150 19012
104 5902
22893 25634
12279 12351
26955 21792
17757 8317
12328 27429
751 13572
17279 15598
23650 5567
11026 6051
18360 28956
6349 510
15313 6702
7608 14431
15523 14758
29262 15627
16479 22798
7724 28757
5792 5323
17012 19368
13639 29339
17441 10210
13555 5363
25807 7848
6750 3296
9718 20929
2896 16067
21438 18208
18588 24866
28458 4755
6087 28363
16201 22565
17625 23924
17786 19236
25066 5441
9248 5169
1244 26688
15378 10618
27870 7648
14285 1083
10944 24002
22012 9659
6532 14093
27866 25120
9602 22788
25694 11508
21794 8358
4717 5882
2925 18322
25118 23811
19582 5009
28979 16645
2340 10820
27262 26029
18467 12190
27112 25230
2656 19767
5532 9187
323 29218
770 5745
22649 22283
17252 10906
1284 17788
16788 29
6753 12549
23839 22155
13377 19281
9443 11536
744 3169
8208 15030
11178 5963
10904 13833
25729 12255
18840 21872
12116 15429
27616 1228
8356 15511
7954 5459
3943 20561
1307 6515
28929 25145
28669 12949
15069 4576
24484 11632
7744 28511
26662 18921
5118 8209
3398 26666
16283 18057
19181 24219
4129 17440
21266 8304
28771 29219
13763 3357
20423 10889
9871 19995
6678 5004
28763 17566
9579 23890
29198 17322
18865 26503
6886 23982
1175 10283
17111 13277
24159 2756
8139 28288
16015 49
7235 15429
29267 16817
18785 16154
27706 24476
2612 847
123 2019
14232 9701
21728 14073
27022 11236
7039 371
1681 4033
10654 14612
17310 5456
17367 21268
207 4025
21316 3262
19454 17047
20078 4702
3844 14247
29177 2275
10913 25119
4293 25145
5463 21841
9861 28304
3720 12720
28675 1221
16752 5792
15832 525
7067 3842
21793 7274
3686 9572
10535 18959
26618 26432
23661 26281
7143 19301
28556 18055
15064 28668
13843 16346
21152 19524
15294 20692
2887 14612
21912 15458
20403 4207
11803 23289
8048 59
1206 7553
9630 7560
26512 6892
456 16636
28992 7598
6580 28191
25652 21643
23323 10139
8633 15118
25482 19746
2273 28368
5001 24184
10289 21223
28390 17911
15155 2901
17969 12181
6274 27599
15560 3429
954 16015
20064 589
23612 22463
24600 19908
10570 18566
25866 15022
147 21991
5411 2420
16822 6231
22423 22930
23273 17277
11485 9071
15997 97
17071 22270
23515 3275
21518 24468
19289 8045
25057 13545
1152 20300
29272 11721
9509 25781
26742 5475
14235 2796
7894 26876
4846 961
20449 28118
18237 27753
3652 4877
23670 20723
22967 17828
19817 15128
12940 5569
23173 4460
19113 24324
24759 14848
2508 731
7092 29249
6205 21326
27864 9919
18845 28529
10879 5758
27290 24935
4154 26761
25631 27823
18127 19241
16295 4407
833 25054
9976 24005
157 24908
14792 20735
6220 17299
17285 13311
13011 19309
1101 7338
29227 15765
6510 6569
21522 263
27323 25676
27023 19418
19962 11614
9302 2720
16020 10134
27773 21815
602 23749
13187 15393
10947 19406
28511 28231
3360 7985
14004 4460
15322 9694
20225 17651
12083 8210
17913 10049
349 11400
110 20311
23013 5232
23030 5496
11185 17267
23131 11787
7479 6961
22999 18426
26366 22154
13120 25545
25958 27123
649 11924
3281 16693
25394 15363
24902 9771
21231 21071
21170 17161
12025 10646
22392 1518
16141 4220
18784 9915
11826 22083
16875 5469
11152 9704
23442 24271
5893 20043
17858 2361
27786 16958
19053 19644
2964 10418
58 20014
2132 21227
7818 9976
27692 26029
11494 14476
893 26097
20211 8538
18823 3549
9826 25794
13253 29087
16529 19145
15594 850
17325 9843
17807 7021
130 16590
13258 187
7247 11210
17233 15065
21185 15568
11737 28498
25864 8449
25239 12538
12807 10525
16086 22632
2783 25158
22363 19311
14946 4420
20160 2914
14262 4430
5754 14392
21019 14832
10398 28265
26041 23451
9793 17869
5482 17350
17011 1989
21618 8713
10346 5068
15057 26432
23520 17839
22233 12346
3613 3643
16765 23772
2376 1670
28201 3950
16061 15683
18781 22279
10412 15465
16373 20204
29153 21854
4017 12627
19663 25635
17159 652
26522 2860
27083 20685
16518 15780
3674 20131
19422 20438
14546 17617
22108 9211
21566 4632
24893 10990
26910 1768
26454 9746
21972 22071
2244 21808
5341 21906
18086 22500
18377 15252
25359 11924
2400 12520
27703 6074
28470 13588
26511 9480
1848 15082
18690 23414
19714 10046
5047 13087
11814 27321
22833 249
20035 20896
22056 25375
9265 6606
18518 27641
17677 10340
10208 20076
18680 4374
26149 17793
17961 19124
27272 19809
669 12425
9686 16202
18291 14732
29289 748
8516 18585
26172 24370
10124 14691
16209 19388
21296 1190
13492 5436
11530 23700
25512 26029
28073 18124
10285 12498
3711 8201
2950 4380
16445 12635
20581 5379
23186 16333
1946 27522
1381 23937
22535 11504
9272 9387
26711 26387
10577 10847
2467 17926
1010 23798
10418 24902
8385 20702
8043 7916
28902 6812
8115 11811
15266 24515
17189 4916
7312 14955
3081 8692
9535 21435
20196 14626
26642 13370
11657 3682
20036 9943
21607 21045
204 2668
12411 4408
23369 20453
8143 18735
23085 16257
26365 8994
7236 14197
13909 14547
24971 12809
23238 970
4888 9897
15595 2173
23267 23071
5854 13946
3657 23280
1455 29036
25947 13865
29264 15779
781 8050
977 23865
20127 27341
3503 27362
8002 13231
12552 28792
26040 2253
405 1571
12150 16000
28919 1880
9714 5416
15825 9191
28695 13099
8870 21105
26963 4597
3347 27744
12647 144
22252 3417
23304 21574
26598 27125
5449 9793
26561 27308
12045 26965
24698 20014
9428 24260
21893 19142
25495 8362
28332 20653
17280 3665
12401 14887
8262 11567
9094 16728
7530 1989
15964 1478
19383 13205
28602 24831
18817 25806
18602 26681
19235 13943
17339 28662
8846 9875
14267 4984
14056 9062
25636 1980
12727 4500
16866 16808
11886 25959
29355 19416
23767 15962
16713 13793
24986 15958
5087 14446
8228 23688
7590 23282
4094 24928
22587 12939
5447 3318
13742 15322
12379 5841
17301 20925
10340 630
4196 18046
22408 4194
8105 12639
15975 24817
22251 11604
7238 23158
21869 11285
13309 103
5210 17403
20850 23617
985 22116
26934 10547
8082 9956
16387 21202
26701 22547
21832 1540
11236 10703
5734 15160
23341 17528
6440 12056
29132 9497
5857 17464
20782 19165
13386 25991
7211 4880
16071 4016
26995 13648
14562 5720
19424 26768
26922 16768
19958 15217
14127 27013
21739 19860
12816 11544
8032 15075
23599 3627
24572 25275
16910 15997
15083 940
8451 18114
5819 24522
22129 28633
4633 3154
4997 19876
25741 27738
7287 16343
9418 21414
9819 26976
7737 22635
9163 11588
8353 28581
11034 28744
24499 27944
15384 10226
24703 19655
24159 1165
14820 16931
25617 15272
15904 1257
5792 12288
24814 13078
24450 695
955 4913
27671 4512
23367 3297
16099 27539
2522 27133
26927 22840
21540 8774
28885 16886
28428 23687
13870 9711
7081 10130
24983 22984
7207 1418
1736 27840
10315 22005
24355 7090
26917 22669
11601 16747
21785 27699
10750 20126
21295 4140
13610 9298
12913 13138
22003 7805
3289 6516
17515 10369
12466 8961
3997 19672
10378 1552
13975 16513
23556 8973
23602 16937
27461 5846
4327 19890
8 10896
6479 17123
15035 20088
26420 23768
29046 19067
2216 2978
21402 15550
9166 4511
24511 13162
20002 1352
14713 441
17864 4733
9413 7929
21669 3338
13774 21815
19047 13782
3355 25525
26724 14209
12077 23787
8620 11766
9317 6655
10563 26539
18025 15548
26869 8999
28710 17515
6170 9886
17955 24034
10438 23187
27782 2750
26524 12200
24565 16214
21801 23739
8203 19168
8591 20279
9418 13031
27864 14555
15505 4890
11737 4173
20437 9249
8991 15610
22583 15161
25496 7001
5658 6577
832 4083
5147 23175
12102 355
5853 4546
24093 14055
19533 28503
797 28951
12177 28660
9969 23502
4193 21705
23494 24629
26773 3129
10883 20000
14109 2842
27000 19766
5238 23651
19668 10384
17470 2414
6558 19142
2779 26470
29016 18132
25617 456
13546 4257
29115 23514
23578 29127
15862 17716
24399 13278
16664 1745
29097 1416
4586 26741
17001 5644
21035 3132
16027 4968
1365 18405
19929 4144
15518 19588
22275 7598
15863 2284
11855 15621
25797 6076
11211 8122
19611 6254
17219 6918
3818 16960
8333 8404
14344 21153
9867 1842
24285 25893
2630 25649
14941 22558
25612 26279
8610 14350
4520 24472
16633 16374
6557 13073
18270 17767
17014 4344
19840 4877
11262 23658
21836 15414
27881 2643
7211 8391
304 27315
747 2933
23607 11508
21311 15683
8430 25740
676 12949
20855 17309
25143 23231
26201 9876
7462 13859
14219 27301
14555 21300
17422 7034
7358 11766
5496 10388
20156 5799
8346 16723
4552 27772
28230 21682
14098 7303
18065 14774
16071 5383
27902 11857
24434 20566
21732 2539
888 2415
25659 15442
23714 13725
18295 26891
25490 23790
3742 12110
25409 12087
28832 604
6323 23525
18105 20420
26647 6813
1657 13361
8015 25378
25218 3092
16588 13413
5630 17475
11647 27109
28737 1825
11477 17675
24535 3430
12109 28277
11359 3981
6827 6654
404 13149
822 18508
33 23288
21140 26865
7293 29154
22887 28330
2890 5938
8206 4339
19232 19853
2091 18612
21677 9387
6931 16855
12817 14859
11595 19995
18839 18422
22469 15062
2214 19110
4213 27422
13042 25352
24931 20334
20969 18461
19307 23858
20218 27512
28197 10093
13828 931
28705 1968
10318 2099
18823 18954
16957 26237
5412 2259
15302 27880
17320 17516
17634 17352
15581 1319
9167 6975
21652 779
25435 7422
24637 12116
1397 19297
22209 15225
20227 21557
17192 26364
19475 2478
11781 7075
28715 17193
5153 14660
15716 18292
27995 3993
6287 10040
5311 15453
17014 22782
16231 8913
26023 7331
21028 27420
26627 13880
13288 13318
1900 26299
10325 17194
28777 17926
20088 28135
5762 25240
9258 21477
14175 7897
21290 16281
13756 22420
27553 1413
11666 10248
6145 8332
17578 22993
6395 10669
7516 15502
23986 5236
12445 774
22429 11865
18699 13161
6463 24460
4864 15720
12401 14859
19436 4334
1783 29011
26753 29336
26244 9062
10227 3032
13214 23624
26024 19608
4936 4
5754 24741
1059 14018
25515 19307
25882 10677
3111 28164
1601 3795
10347 14001
18653 25603
14154 16255
25257 7370
16234 22144
12252 22280
20996 25465
12368 17663
15716 17303
13486 17289
12688 14544
27126 4666
4495 19471
15342 3425
18278 16942
7219 24445
26762 21691
20691 11559
8590 16591
18929 20643
5199 1824
13567 26194
27288 25934
10320 9467
9700 19626
22576 18207
633 20345
22872 947
10460 8858
4372 24557
21619 7410
19645 19025
24921 10979
1227 4154
23390 15975
24796 28588
17798 4826
21245 11549
26579 27384
21016 2743
17653 14235
20949 18286
1043 14465
19232 11502
19142 19423
2523 11404
22653 22167
26248 18217
3790 27475
22370 22999
14093 13629
18050 27711
18455 9938
9903 11497
7965 1562
14239 21438
11616 5832
10367 8479
16116 25418
15800 5901
15485 18322
13124 8781
11133 10016
22817 10742
8134 15830
204 18046
25278 18253
16400 14376
24010 22123
21693 27794
23684 6575
19875 1764
8226 26061
6062 24341
22123 21861
885 8251
10827 14009
12851 17779
19844 6311
24340 27977
17960 24543
12486 13881
9259 24706
24077 3912
17472 16413
2349 7619
22987 22224
5202 27033
14748 11263
22017 7514
3768 18722
11584 10414
3374 20254
24012 23217
26564 18995
17657 10987
10001 25962
24868 19259
21311 19588
18990 9426
2464 21338
12865 21270
10025 18066
18946 24773
29329 11607
28106 28916
972 10334
9973 165
26407 448
19201 23615
15262 3321
1065 21082
29282 25932
10984 21237
11983 25793
26482 10266
13594 9990
2180 23619
28056 21125
14855 23848
28551 9424
23407 25342
15577 29199
25506 12628
290 11170
2706 11371
14490 3770
3096 14416
25522 9899
2116 3968
6335 28597
14234 19928
5051 16413
10010 3750
4001 24864
27597 3196
752 17467
28537 16328
17309 20507
28955 13418
2320 27480
20608 16810
1894 23703
27045 27415
4245 29160
27202 10579
28400 12079
1150 29270
24311 6980
3663 28312
2487 27079
27327 28414
11009 22327
15386 24137
13477 10804
8198 11617
8928 28805
24246 6641
18971 21934
519 23215
17557 27720
257 12420
10443 26583
12334 5397
4206 15996
172 2512
9539 27498
1570 20547
20469 12775
15328 409
23578 19345
7845 28325
14614 2734
5609 4228
20487 6127
23263 8687
4491 23519
21107 10753
20745 4084
11969 24950
15899 12141
27462 21257
6102 24851
8268 22390
8269 23595
22799 2490
9403 26463
1459 19836
25017 2887
24064 16147
9014 13790
20654 9324
7952 8224
15896 28697
8127 27864
20110 19845
6468 14035
11746 12570
9529 20013
5603 17797
10071 24221
16107 15293
21328 13385
5773 12808
16271 25656
24774 21104
10089 16071
26247 13860
20114 12786
13200 28240
7114 29130
14549 9401
13808 26294
21970 19157
12770 23393
3417 18660
14077 19523
4596 1868
28727 6188
14675 11462
2487 10093
28385 8395
21983 25276
22255 8561
4525 1918
3264 7458
1691 17812
16859 11319
10569 5292
1119 19158
24504 355
8461 9225
19878 8877
6912 15068
15064 21587
26529 13371
27499 25558
17585 15945
17297 10483
24505 21821
8221 23589
29279 5731
7864 12601
17049 18433
17892 13987
8234 8860
14342 12515
18084 683
21391 24995
15750 2918
13045 8743
12108 7007
4944 337
22952 22240
6639 13920
10524 14859
3972 6266
20590 11836
18866 4102
912 3222
18089 4965
7901 28250
13299 25984
24752 1153
17442 11145
4071 26307
19887 11998
3957 20650
8154 26908
9353 14793
7292 19877
25471 11263
21962 12524
18918 7292
16626 19829
6333 1178
20614 14233
25247 376
6680 20642
1529 24121
2430 1419
21071 18137
13416 20848
5250 21570
14219 14603
2826 21510
943 24116
28593 22904
7284 18154
839 19729
4447 7171
20906 20880
17223 16796
21255 23902
8081 22783
18667 6330
24201 6201
20286 4081
27048 25536
21470 11911
10782 24295
29240 11724
19054 28476
1091 22157
13094 1930
12529 17540
4920 4078
9063 22143
16693 26137
16688 20593
19564 1818
22743 10228
8019 13672
14308 1530
9851 6421
13440 20632
26535 9144
28175 12053
8263 29266
4853 17176
27015 13202
5359 2578
13099 10241
20540 436
7022 3692
16848 22405
5509 10234
3276 9347
23906 17584
10877 4400
19824 20136
20852 17003
29279 19670
24875 4006
15399 25547
21181 13057
9392 22360
11455 22491
28420 27814
22926 1905
2149 6237
20129 7658
16471 23405
12824 11020
7452 23700
11239 23095
10300 2734
10741 10222
18224 2079
10047 4266
27626 27048
13143 7661
15871 24597
795 10754
23054 19540
12659 21023
25777 3431
24500 12891
22655 7967
19730 750
2311 1612
23845 8430
4346 1049
18651 18389
3128 24518
22654 26573
22209 6440
4877 4543
26856 1492
15296 16374
16851 27954
3860 13271
27205 28359
21981 20503
6969 8174
17073 5099
9786 7381
13528 9951
4249 27999
28339 3196
23160 21636
412 11832
23896 5289
16374 17215
2600 2313
52 19450
26087 3911
28541 23935
2913 16985
10901 9882
25159 23793
10800 5588
1817 24328
15538 6066
22970 14520
9261 16773
2619 9673
24424 22334
10781 11441
6013 9200
13753 6064
28649 6303
5795 23653
881 8707
11282 7602
14408 7084
2038 25208
8491 3855
15999 19848
5740 9612
831 15000
22204 28625
20492 17271
21603 27092
24531 23435
6935 8927
142 2048
11050 1756
25700 11930
6283 7625
15351 20690
10528 17389
12361 14838
17063 28359
5329 22802
4434 1979
4265 26637
1248 20577
14551 18670
14132 9725
12748 21067
14472 8709
23114 21341
6285 15277
3914 12567
18722 15085
3900 29249
3117 12081
10551 15999
11083 11699
5264 15517
13678 5348
8617 10745
21744 18988
58 6520
24532 8625
23406 5467
13153 17163
26807 19437
28259 26541
2647 17624
12269 2367
17517 11205
14447 28067
27203 21349
10409 3110
3329 19906
4277 11946
1294 26021
1577 26527
3184 26108
5795 26589
27395 14768
10215 24845
4848 9117
22029 3315
26741 4941
5681 10721
16145 15947
5251 13991
3759 11479
12920 7088
2029 13017
14853 28498
9681 12249
25669 8684
4820 27283
1736 2858
12694 11950
27703 13362
16886 20375
12496 10090
25316 13996
20810 7924
586 21880
17735 164
29179 1298
7251 1851
14314 22103
26168 19814
4995 22480
28497 9815
16227 26052
8492 24740
8645 6838
4565 21351
27213 17060
2084 18992
26875 18714
26915 27460
7057 15293
27624 6879
12411 1338
8729 22544
19261 1361
8822 20075
23840 7962
25709 6530
4658 4845
1914 9122
11682 6478
26292 5358
19358 28376
24349 16876
13553 17728
10800 20609
28840 4887
27488 11894
2044 2680
902 21304
4040 9723
7843 23700
13504 4195
873 13981
9039 27962
18923 16541
5084 15858
17718 20261
14877 8531
3600 24249
26258 10219
15502 25741
15105 13633
4099 12969
16312 820
4916 20352
10542 12758
14695 24045
12773 11387
4490 21811
9993 23412
4815 10896
9913 22533
1800 20610
1707 1219
15502 23784
11438 26823
15988 22362
11099 20086
5974 23231
20905 6710
10046 27266
15287 20560
17775 28059
2590 22264
16334 8402
12139 21148
19297 17871
10144 16916
4944 11850
18135 20446
2097 25392
13732 18085
18397 24831
4634 20191
14525 21359
26900 24570
19268 12830
15773 3506
7353 14182
21589 23686
22584 4371
11297 12524
22242 17261
25260 27185
24930 14038
14094 27027
10073 27826
15755 24289
19120 16208
15123 4288
8210 8486
24677 27478
17136 6913
26803 24488
21094 19036
14637 14321
23406 21753
22665 12111
9657 18568
5760 1051
28425 15673
28077 4961
14142 10295
29249 29081
26502 10836
29188 5356
19321 24508
28653 7100
2064 26099
27407 18978
15778 8507
3942 5648
904 22426
17758 6380
11637 19337
3250 10705
5654 1970
15665 15615
8084 11378
15340 1050
22213 10991
6405 7997
1963 1521
10917 29202
23439 8967
18823 5681
13294 18585
11328 10017
11654 24905
16396 19111
14886 19646
25635 20539
17435 7764
6797 21339
19141 17956
22388 7817
24767 24612
15813 26729
26132 22549
26574 16034
2160 16041
21714 15453
1089 28861
25469 8562
24410 8328
27672 5759
23793 19771
22117 7692
27534 24733
29030 13138
9153 17881
20954 4563
13136 3230
1935 5731
25779 28508
21764 23758
11012 14122
5674 7920
9446 26962
16482 4499
5933 14797
6077 25546
5211 28193
29057 28564
19390 24550
12345 28542
13074 3942
3748 22029
2992 5682
27759 28770
653 15986
18991 7485
751 24664
15404 10197
22269 2529
10515 24021
13146 12412
16030 14176
11248 15730
13384 1281
6743 25728
466 19816
25490 33
12488 24301
1534 6710
19534 2187
22696 9168
5491 19266
295 20894
25282 22563
19243 2261
13047 3032
14672 29077
13027 25919
11270 26410
23020 18013
18602 19305
4292 10555
19338 12600
5499 20871
19309 25032
18877 8468
663 24367
27734 957
11725 19479
19339 1611
21739 28205
462 7054
27925 13488
28793 5659
6362 18276
19491 20783
8224 23782
1981 23381
7025 3299
10716 22154
24150 236
1265 24812
20423 24818
21588 2791
14941 11570
221 3143
10418 682
10197 4807
9989 5453
6285 12170
23728 25775
3596 27771
16020 5576
21796 23045
4694 28331
11662 28843
24386 8746
20118 15452
4208 12349
14062 14968
19738 14282
18110 25976
10783 24126
26602 16592
222 3530
28761 19769
25124 3001
18184 11787
4396 6443
1295 9090
1237 12956
4396 25622
17522 24514
11718 21729
3326 21599
3160 23064
2345 21269
15503 8947
16039 12748
25538 12080
12097 20763
2493 7864
19583 16496
15470 19798
18758 16765
28887 19994
25540 3927
16259 13705
24260 23796
1897 27585
16039 5056
21292 14203
22145 7438
23149 8827
16005 15151
16726 28101
2377 19218
2428 21959
2177 17898
12400 20934
1126 7751
11571 22485
7497 27830
2654 2400
18089 370
628 591
5426 17740
14793 27570
20997 4406
2860 7646
19556 15405
2210 17752
1087 458
10354 3263
14175 18573
24197 15300
22143 2231
4248 283
25880 2721
27858 14613
3091 28486
15203 8516
12689 25816
2549 4329
865 1228
7794 16240
16632 5824
4635 13538
6281 10808
16801 16275
25200 7461
27394 17987
9691 2285
18269 6215
5006 16771
16647 8096
11720 27669
12431 20228
24128 10799
20376 20812
7846 28170
7695 20297
457 8149
4479 2557
14776 21279
18831 10620
28739 16868
28606 4893
14972 13338
6927 19977
25928 19393
23892 4111
17706 2786
24338 8297
13584 15358
29109 21429
9991 3267
8190 6267
7236 12668
8823 22011
410 23473
3274 24968
10984 27699
504 25955
7501 3251
12396 4072
22643 2751
4003 10992
5537 24160
15109 19120
5981 10681
7013 11791
13947 11022
18057 21182
23689 22699
13837 24098
16815 12930
19709 23618
11273 16032
16037 18773
19282 28432
18664 12569
27002 18486
19380 3182
13290 5132
18122 19270
15812 20954
1705 25579
2619 15581
13224 26307
8924 22880
16868 25738
6454 3040
15820 13546
19071 2500
28138 8997
26751 13265
17385 24396
2395 7408
23398 11504
12540 12163
26593 24171
3760 24117
16213 2198
10342 81
28504 19265
22960 11835
11466 25233
14874 23105
9422 408
25604 8203
9404 18818
21468 26788
13858 19682
660 7899
1829 13199
15881 28421
3833 15460
23182 20046
17657 29343
20126 12624
19251 9549
24458 26536
5426 5795
20285 14847
6202 12352
18870 11426
1814 6801
8857 11491
26482 9516
15209 24130
18534 1733
19014 18187
17192 12839
4696 1312
12825 20641
13935 27895
833 4856
20895 2078
10650 7643
16925 16851
19994 2258
24096 17627
4878 28773
29117 27179
8932 10789
21952 23286
12521 11609
7936 25532
20268 12631
26843 28912
3915 7241
23271 4747
12096 14809
6825 22745
18271 19569
6060 4728
17646 799
22355 22523
215 17935
20345 4967
28724 8760
24072 7708
20368 2651
29060 7099
15281 22366
6655 19195
251 569
19761 12346
11197 22405
5735 25287
8437 7614
658 26082
8412 18832
15068 4447
7411 6056
9413 2598
14815 29304
6125 1647
2598 5828
8745 13698
28194 11219
28712 28444
7607 14936
11433 14623
7985 12987
10553 16421
20600 7031
8967 24832
25862 24034
29278 29092
25910 5154
2333 7188
5101 8458
4654 3518
10105 13399
13035 4762
20437 12390
3849 23864
27325 11102
9130 1773
19908 15503
14014 11152
22533 22980
2447 19038
13477 2368
18774 10030
3341 16926
13038 4261
21203 17691
3598 1952
26909 16632
2533 17990
29021 6382
12497 22809
13303 17446
24582 3854
3592 9239
10825 26124
28038 13271
15806 12158
11458 1043
18008 14798
13788 1689
14878 5635
15199 18475
3406 12752
5750 5938
1385 5414
8139 9701
24043 21441
27146 19268
21115 26558
24326 2583
23325 18827
15854 5594
26804 27311
6636 15455
8573 20424
12963 23450
21878 28162
12569 25283
11557 18318
27040 8761
19552 5823
14281 14238
23083 7890
29325 14841
5091 20114
17424 28416
9584 29097
473 7031
27051 2929
18306 2087
19172 27088
25537 11693
25893 8749
3439 3913
22886 1122
8493 8901
2764 22773
18958 21667
1307 18926
7151 2217
5503 20394
26452 15086
20134 26925
17937 13649
497 2706
15735 15488
437 11915
27180 26330
16483 26438
26062 5833
23379 5199
14733 26143
23791 4335
14273 25097
19080 21423
23134 24583
12461 20229
6132 3238
13617 24068
12706 9933
26773 28441
25420 23030
10999 23243
20003 23302
20324 12528
29134 10167
17726 14510
6953 12161
14664 21225
3721 4388
9111 26854
24790 17391
13547 1565
16449 27163
21453 29154
7740 14689
28238 3803
8362 9881
22866 24184
3826 9653
7356 28779
19819 20901
13932 22591
3705 24416
10279 3246
28803 19390
25919 24236
3244 5929
21620 19692
3736 13716
19490 7295
24225 14191
11097 3230
24071 426
27414 23716
10079 5413
23138 25717
22133 3534
18952 25838
27949 29230
24903 23215
15083 17285
13914 18327
23214 6177
4482 26949
15713 23971
707 10581
8806 7623
13810 28696
8049 7687
18876 13947
8919 8477
10307 1696
7830 29258
23353 6422
29132 14719
25456 10678
2647 10013
24824 25860
12010 29306
19272 27722
23920 19978
4766 28545
27601 14395
23705 6293
22082 13224
20239 26820
17520 1189
24335 25350
1091 18331
2415 26042
3693 27871
3183 2160
4347 28007
28019 16356
27956 17935
14721 18339
8556 15306
17528 6800
345 7696
8912 18246
20919 29150
15709 9082
26159 10688
5075 23069
24838 3310
15574 24351
27000 18756
26510 1990
13226 25172
14166 11825
9570 28886
808 13946
10656 14155
16565 11000
21850 25477
25065 9232
21090 11417
14133 17892
17924 15028
7424 9226
18337 22997
4220 11800
12397 1373
9609 21442
22364 23774
3911 27754
19124 538
12343 423
14692 28907
7242 3005
20847 2950
12236 12581
10186 26368
1116 28110
7859 8540
7979 26195
27356 8018
4458 6216
9390 14067
27658 27573
4304 2212
21790 23427
27925 4776
19669 9080
147 26910
12084 20993
503 20139
37 10689
12970 1153
5262 20829
5512 13240
13487 28687
21257 17945
5547 26466
27831 3848
20502 2778
1879 12936
22025 447
13531 12337
5346 9497
9891 17429
26310 6213
4031 26346
16901 17000
23318 22162
8472 24649
1865 17779
23980 18941
6367 170
16050 661
29193 3016
28614 26891
11771 21282
23157 21121
83 28502
1262 5793
12394 23391
12005 16424
20380 28906
4067 14342
17531 8359
9634 19396
26137 77
8980 28323
25422 20850
28983 25258
19685 24060
22792 2099
15986 12412
23219 11888
11557 20300
17680 23950
14334 328
11017 1178
25053 10904
11339 13228
19262 16792
3267 11862
16869 8066
10828 12934
28915 10454
4656 15063
5157 27447
17161 16962
6323 6844
24669 17879
22963 12992
12473 3761
13320 19309
4938 4836
856 16276
18063 15937
3711 17149
27798 16399
25215 5089
29333 20593
15542 4632
6300 16519
27898 19280
29300 4864
26123 20433
22743 15550
4068 1679
19310 13207
16807 24247
18043 13483
6986 6749
25239 6516
19718 23681
22915 15576
24589 18711
2632 10775
23342 4751
23113 17703
24031 18876
22567 16617
9952 11773
2810 9840
9271 22119
23046 21897
12829 11732
6023 15634
14301 1906
22150 4662
21406 11528
16057 16638
882 14508
23232 24223
19259 12808
12569 9753
27504 1599
26369 3919
13371 29179
13758 18461
17761 3268
11002 26410
10819 17024
12687 25119
14749 5480
25600 2618
17007 8120
15076 13708
18448 8951
8574 8350
17579 16963
18102 15726
18561 10934
15464 27752
6576 29222
16856 24337
3133 27857
21390 13951
11345 540
5534 21913
1840 26953
24531 14666
1537 10250
28374 19984
15020 7591
24153 3242
20373 8718
14787 9578
19651 895
3793 26227
25936 20648
17027 24888
14969 4880
5302 22133
5419 10835
14689 7258
4252 9863
21924 1608
20112 20941
21591 5776
24351 16387
4837 15368
25104 19624
20765 11218
16338 24557
8088 12917
11668 20934
8448 22456
25813 13749
15232 27052
20404 565
4953 20475
10427 22696
22082 26359
10100 14316
27954 5095
26522 3434
16282 18089
18877 3510
29306 1678
23886 3858
14594 6197
20611 18861
28653 17068
28430 14528
10583 19477
15092 11355
6415 21339
4695 28496
14161 10614
9275 12758
11528 2260
12011 27809
20348 26708
27138 16117
28385 21667
15794 9443
27864 7049
28303 22980
19936 27376
8151 26338
13316 19063
8336 19730
6865 8850
14689 21025
19464 19783
4426 1635
22042 12256
25264 8853
9607 23045
24970 8636
15356 7227
13898 9683
10095 12844
3306 674
6684 7276
22831 15819
22158 1811
2013 29022
10660 16701
20690 767
7128 20935
27578 24989
29011 23485
4486 9261
12993 25275
13716 28348
3145 27613
4494 13240
6921 7799
9733 9424
15075 3208
25242 3696
5018 23074
3362 11497
10419 19871
8084 13366
11450 6305
4818 6924
25609 9303
16184 9245
5221 25720
8237 4186
19796 12730
17425 22536
16349 22977
2603 27243
26184 27845
1582 27021
21562 763
9162 27800
20634 17245
7629 27903
19369 12447
5470 15621
17569 17473
24865 22790
13836 28921
22795 96
8115 10863
22631 24463
4483 25234
18169 26487
19542 19750
24151 7567
16333 29132
1831 7610
12840 9459
6156 2852
17725 11625
18472 1758
29097 9801
20367 9397
9365 13805
9492 17479
24667 2766
8405 24969
23819 22393
22099 14004
8607 12714
21571 24939
12489 23401
3192 25329
28679 9347
24000 12868
16791 8936
14625 12351
18736 5635
21747 28100
19439 1882
12043 14749
468 16267
6181 24286
9304 28280
4754 17910
7457 26324
9312 15765
16188 12503
7557 15510
17669 2201
28377 5103
11136 13645
17453 25691
15099 5664
24434 5181
3365 2940
15749 3832
15027 21930
23938 20150
16673 28691
8703 24129
25658 13834
6357 8309
26336 13914
23818 14648
16114 18659
15570 23069
28123 28842
19403 13866
5149 10300
19046 8514
9060 1259
8165 24086
23188 2746
14879 6324
2080 19401
26272 23557
3878 3272
2509 26033
17185 22147
7144 29118
7269 22713
22830 6035
18018 8696
15720 18987
14816 1230
27500 23875
2488 2128
18604 21495
4874 29302
27818 2773
15166 24733
22150 19043
23824 20478
15719 11653
13268 22862
7234 16356
12038 708
18211 699
5223 4574
19685 20038
1623 13648
10376 29286
15776 24799
21424 16469
24744 15705
15061 10553
11081 7854
25415 1369
28332 7597
13021 8063
1102 16074
24419 8959
12601 9093
5478 17824
9486 25162
4325 11109
5274 14701
11038 16869
10143 3106
29157 5531
14630 14861
11903 25711
22715 7962
22899 21690
15558 2383
25572 12480
18456 20634
21438 1701
25546 26915
19524 5676
18541 23848
16784 19634
9192 23641
2966 19335
22566 2766
20685 7840
17626 28407
14 10984
7012 22912
28493 18390
25294 24709
26689 14393
11806 14590
16093 7996
7969 2080
13671 26509
25928 26274
12606 1583
16378 15571
16737 9588
18336 3885
17427 2425
2936 17440
13409 5767
6815 8365
24156 2752
3717 21488
12964 11343
2542 29057
15158 10510
1780 24648
3482 23527
21565 16087
20930 4406
27477 8310
13993 12276
8015 27239
14700 10950
11142 23928
16716 17956
28113 7336
16527 27649
24643 135
9635 27184
25011 24792
8337 22610
15903 11818
16781 3931
23724 4174
8337 21844
12483 22329
4763 16317
20212 15283
27266 1997
5674 10446
19953 4430
17781 2943
2723 8887
3077 12357
6715 28087
3613 10871
21341 19515
18509 4585
23446 12876
8758 2426
5364 17060
20574 5946
4021 11429
17048 1930
9246 22722
8195 25018
27151 25975
27960 25693
1326 26857
4514 3860
25587 8126
14730 13391
23460 3882
17975 13369
16758 22552
15794 17941
10256 2832
19706 10096
10080 7398
7845 19325
25939 16040
10806 19553
8478 5230
15890 9803
2730 20403
13662 24136
24348 24212
8171 18451
23913 21965
2464 11314
15161 14077
25074 21236
16908 11244
1975 26988
18641 9819
12776 11043
25858 23582
1239 800
28811 12948
10602 27360
3994 20084
22139 28341
14939 953
13256 9495
18738 11539
16629 4542
25615 8166
21597 8987
19409 19391
6618 4513
29209 19393
15555 21531
9438 12614
18150 4712
25561 28751
2715 199
15298 24854
24359 880
21626 4078
6195 11007
15616 18643
11368 7695
26808 3608
16681 16861
18818 23298
21373 18671
9154 3392
6665 14412
16005 24814
19123 12209
20028 21838
8227 5970
13155 28406
2669 5424
3127 4683
16431 18743
23325 23618
26437 16597
23046 9581
4101 12507
3522 21293
1821 8495
24684 4305
22906 7152
24938 8493
19361 11430
26150 27587
17399 9948
26636 15887
11191 407
20570 23441
14969 10358
17703 7869
26954 11392
17449 26874
23898 16790
18811 21539
21104 9958
21663 14654
17110 17245
18966 7114
28674 15759
1164 12536
21526 23620
24242 3360
19846 15455
26801 1278
25813 10967
9146 19230
22358 22414
16748 12719
5667 6202
4901 26770
11979 26564
7887 24908
10272 26852
2665 5409
13254 29005
13764 5423
23268 8649
4603 13757
19924 2047
15034 12200
8833 19999
2073 1834
8876 18820
14552 14542
20841 15273
11955 3464
8300 19842
28371 18571
13157 26856
19799 26411
22324 4206
27653 16235
8674 2899
25811 28597
765 7308
11440 9597
23126 13513
7250 2645
2976 17622
13006 19637
28714 24960
18920 7657
11265 13754
22047 20242
7073 12489
17296 40
12514 11412
12094 21187
10131 4368
20428 10895
11675 27687
16312 5444
11843 19381
3908 10639
7646 16913
26095 7003
8337 15658
10479 15421
55 3169
6306 7128
11477 19421
7167 19810
1477 15081
11641 11607
19448 27888
18321 1767
22038 5276
3030 4525
24657 2758
10983 28122
19670 7721
1589 23826
23378 12067
9891 19252
15236 16196
22199 22532
6261 25186
12986 3557
10910 20446
15163 1001
14797 4127
27943 7478
5223 26793
7822 25699
194 18804
24464 15683
22344 26052
10153 12185
8763 20043
2081 19818
2702 24279
12993 4782
20108 21798
8338 1661
12887 19320
27838 27683
19267 22244
5805 24489
19680 13626
16651 15693
28250 11758
2020 21237
4274 7992
4066 8856
23854 1966
24493 26555
22064 3949
1981 12816
25747 6138
10296 9277
25458 4597
7604 15368
26841 9228
6320 12984
18673 22970
28677 13386
1191 26516
5267 5464
5151 5152
10139 29004
2937 5275
22022 25000
9224 19822
4279 5614
25960 10395
10710 17881
14991 18313
3892 8295
23360 6031
21279 12677
29000 16419
21882 834
13578 27148
2118 18728
28119 12256
14195 26875
13351 6860
22519 22574
22502 22617
24007 14925
3655 5360
3449 14466
19493 3160
18580 13496
9190 10502
21992 8833
26920 14518
9666 6961
8129 11783
21508 2712
19859 6346
230 3853
9026 18568
26426 2171
11829 16896
17095 11303
22255 16363
21588 8211
19522 10812
17527 28711
17133 5982
4007 10517
20499 9492
17477 24448
21275 9629
27159 7597
11794 23208
11449 20819
12420 4338
18809 20068
21233 2367
27190 9951
18729 19422
13982 8894
26053 2152
4068 13829
8133 8074
20165 24452
17566 8286
19543 5304
13734 13165
12900 21347
2836 20168
12810 11075
24505 27438
1786 12201
449 28976
17971 14997
14861 2596
19711 11557
4747 23778
21205 8700
27672 12014
3795 11701
16119 19157
17004 496
28141 25723
21842 1620
16534 1115
12695 7502
28553 10300
15522 24821
5739 4136
10461 20599
2552 25991
2799 3118
20413 19824
11817 18728
2481 11431
26248 18599
26407 13895
19094 25191
6081 7399
26811 18434
4334 5969
25935 28706
12088 7920
19990 17827
7875 1094
4889 10426
27085 3508
9364 13961
23331 17000
28508 25811
24251 25399
15053 21301
5757 610
17136 11837
3828 10410
914 8161
12198 22668
7510 24285
26407 27499
8575 4925
24413 13464
11171 17961
16971 20534
27741 10945
3997 22712
7399 28247
18754 18271
20192 20330
18880 3791
2810 18527
10020 28899
26688 22217
18030 661
12965 15080
23980 21540
20004 14856
5647 26994
3460 18437
13991 27020
25 17988
20375 3243
12698 5592
21513 28709
25921 6856
3143 24550
25382 8982
24092 18533
27018 8585
19194 10627
23664 13817
27986 10131
28672 96
7769 27951
18532 21759
21434 18556
10390 12452
17618 18908
18043 9774
18260 10427
12449 17223
5620 8474
26204 25531
27007 23866
4759 12664
956 28422
22300 28941
9196 21615
29036 12784
16029 18211
5187 8106
3230 11396
16377 20847
947 883
26440 15027
11309 9532
2893 16928
13825 29096
13102 7295
19425 13680
19958 20380
12745 12901
19964 17760
979 15463
1188 12827
4317 2194
16752 3366
9409 3772
20032 6176
4654 17115
21202 11782
22466 24094
28709 2755
19653 8274
10049 9722
17773 25827
745 1161
9371 16529
14741 6170
2635 11748
18996 2772
13941 2212
6137 19169
5983 26169
25344 6457
9747 17189
18238 2857
7746 13411
5611 27399
17504 11479
3584 5921
7949 148
2901 13140
12496 17641
19309 15131
32 4768
17902 9792
6979 19858
28961 8782
12490 20768
15238 22237
4421 4119
25093 12166
13349 26523
6028 1497
8645 5431
3237 16594
5579 6137
25553 13894
23778 11325
29024 19629
16092 13389
25241 18891
29067 20665
27672 12200
7896 9373
5080 12316
9311 25992
24482 22660
23158 26329
19976 27623
27580 23212
10680 28978
25168 6876
13515 15409
18200 9003
1502 755
22391 26742
15465 17921
13870 9600
765 21765
18972 1664
4725 24103
27656 25026
13226 17277
17818 3845
11363 16041
22876 22042
15662 18687
24737 29177
560 9400
8823 2061
10155 27033
28802 21439
15598 9135
1683 12182
1543 16474
13845 6267
7040 7964
27112 20265
21061 15574
19929 3067
2258 9268
25109 17920
23775 20489
17740 24334
25709 22382
26394 6507
20058 21659
23765 2119
1437 21267
10120 2979
8385 19785
5066 15424
27748 2821
2153 19452
18394 22081
22519 16472
27169 14091
855 21587
1043 14414
16564 26751
7439 9421
29077 23316
1723 23486
21255 3159
15396 2018
1957 19600
21802 7022
1488 16014
5663 3640
6109 19876
21540 24447
6991 19352
5001 7845
7402 6044
22258 23965
28614 25516
4029 28335
19476 1571
18284 11374
4729 143
9211 6686
19743 1657
9527 21230
17670 15189
20689 19598
5709 12872
10509 8519
28044 15509
16364 6089
17372 5085
25874 16630
1245 25722
15608 16540
27293 355
23733 27841
497 3587
990 20239
1063 10517
7932 18732
21525 28620
4794 27233
7956 15302
6396 2463
1454 18579
4371 18826
19483 888
6099 16547
22430 17526
3730 16186
13700 23282
14670 14196
22689 11480
899 23751
17816 8830
8947 9984
3914 13740
3681 7689
24861 5896
10151 26314
20294 10341
11603 10420
11229 13521
26967 122
26866 26516
16307 11209
16262 26796
25405 9594
8919 22123
29164 22554
1596 8754
28358 1329
18313 2682
9017 13817
4397 14987
6595 24690
25328 18197
1573 3020
27538 24359
28317 25047
21519 15267
6900 4244
8526 28124
13837 17445
20890 13644
6462 18305
18218 5463
19634 7174
8144 24470
16811 8360
5921 23405
28869 27068
8065 1086
25907 6246
25444 24867
1937 13426
6597 4656
17669 15122
3423 27325
28386 20132
11613 5492
9080 474
10954 24533
3467 14918
15467 20277
23277 21387
10145 18610
19098 14030
19695 11468
20275 11602
6978 18031
20848 13574
22686 9160
24515 21928
7129 23545
12703 14561
24856 17603
10854 6453
12779 10140
17190 28245
26237 6931
16095 7025
25540 1656
16874 11698
13123 7793
23299 20100
21643 10610
137 14973
15590 20472
3364 22718
14660 11887
3742 10159
133 10415
12431 8731
20554 25441
7620 17434
3015 19534
20279 24374
21190 7796
6715 4956
11408 25833
20876 3695
7087 16832
14487 22676
7947 13670
11857 18426
25556 11418
24404 25688
21832 7479
5063 8849
28739 8502
26283 2397
23855 13025
26770 15688
16640 29304
20644 28048
25780 12163
27562 28686
28994 12692
17825 3405
26361 325
21830 22561
7562 16878
14712 37
20176 15594
8886 19558
19915 1632
17774 14414
10476 15187
745 27115
10954 17208
25806 3197
25190 19831
2527 20648
3166 16171
24052 25347
12316 16525
14371 19877
29222 24902
15734 20041
11140 20439
6062 26874
17890 23835
7751 28365
5485 8496
26123 16438
21523 18393
15455 17357
8867 13801
4468 7853
615 28519
3843 12930
11507 14033
28627 7193
9578 15004
27233 16537
6086 29115
14055 19795
23593 21805
18803 29078
26120 11389
11979 14107
25601 27433
2107 5112
11877 2394
8784 8312
1556 8446
21241 8882
22478 20511
16074 27875
1978 9771
15056 3883
5349 29110
23677 28941
17378 13123
24482 9962
20332 7105
24068 16576
1001 21994
17507 12878
24387 26290
21189 21762
5379 8893
26463 23676
25224 13181
22195 27201
18771 7894
26904 24119
3467 21224
19523 16664
811 14649
26625 21142
17573 21336
8361 18573
9793 21688
27270 4823
18621 14922
26584 19820
23815 23691
14139 15502
3335 2797
9166 17925
10690 6713
8507 9976
27937 23849
26640 28747
9141 19728
16352 22533
7528 20532
11750 17320
12863 5483
22143 27304
20405 15190
17767 10683
5344 27725
26184 4498
26342 5993
22422 3495
12706 26748
13471 7106
21241 6574
2316 26201
26301 18667
19378 4472
5662 26947
21792 14345
3073 10398
12292 23477
21407 25878
623 26751
24246 22626
27068 21231
28619 15954
24726 7788
13345 4660
10713 1049
11233 13028
27250 3997
27514 17271
4289 3819
10681 26080
18163 13753
2941 26274
3694 20167
22795 4316
13381 13505
26942 11093
1199 22024
27046 21744
25631 11034
26403 6987
7903 4099
15834 5796
3916 13991
18886 8204
13629 210
747 27612
9782 3687
20349 13475
23853 13788
13611 3698
27292 7016
14790 24310
24859 12479
16698 21133
19332 9564
23939 27234
9483 10416
28849 13398
20226 14198
21601 318
14407 22347
27929 20009
21853 18922
29303 12169
28529 13557
15866 22284
16392 1299
17237 11894
9597 398
28846 28929
9962 23428
22626 15264
307 22119
28661 20532
6960 16725
20850 17187
9715 15242
7839 27387
627 7785
10199 29155
17162 26065
22082 4197
23183 5783
11911 3424
6180 11400
28172 11961
1292 21441
27224 1598
10023 22348
17950 12803
9716 9443
633 15250
20504 4291
13280 21131
7895 23479
20929 20876
16007 9475
20893 5653
15257 3447
9076 17256
14846 3711
29217 16137
25152 22904
13555 1638
15896 2148
14440 25611
7410 10892
11505 27913
11002 20604
19687 18897
14726 7080
6236 26552
16554 27128
2849 27630
1218 11924
15529 11884
15635 15389
23840 7250
8937 8038
8887 20652
10185 19147
16906 17594
682 24230
16151 7504
15478 2301
22220 26023
9380 28455
23219 21753
26227 26067
20026 23264
4454 6199
1611 15908
17407 25451
18977 26343
29308 23684
17638 10137
13474 1008
23550 9975
21057 6164
13298 7178
8465 6161
29021 13664
5260 18703
1881 27306
11233 21906
17033 15686
23924 18644
27414 11975
10558 12854
8961 10509
7181 22419
20645 16474
19246 10659
22269 10946
16822 6210
13944 21106
8191 9428
1234 13450
28130 3114
7219 10006
25019 24251
21511 19587
9358 19568
2205 19915
28242 6985
1068 6066
25223 17532
18360 15112
28190 7092
21878 11476
9121 2285
28401 17311
11712 278
26580 10485
3391 262
20490 24230
24513 12644
14460 334
28032 12484
16069 26917
15288 17136
28802 11155
1131 13625
22086 25141
20716 10427
7260 25657
12711 6304
13611 20242
2402 6655
1370 5792
6916 17679
665 27248
967 10944
27582 24818
19247 14294
18198 5179
27249 17643
12153 28379
27088 702
19983 14267
11129 23062
10567 19659
25186 24178
10545 27587
26652 7734
4022 4211
25413 507
2103 22199
7270 328
17660 26517
10441 2321
27515 4153
19963 6131
28351 13514
2652 18978
27781 9600
12683 8991
29259 8512
28988 6267
6742 26283
14000 6584
1138 5876
2910 3240
28074 10179
28743 12197
3159 9827
14517 26493
9799 944
3267 8793
14457 1739
27770 12881
11338 6917
17692 7060
15428 17323
13326 17990
14250 23146
20393 11207
29021 23302
14446 23559
29300 9652
6399 3103
15298 16736
25415 25096
17679 28682
4532 27955
26240 2946
7300 8221
5682 24991
15281 21109
12957 24426
5562 23026
14035 21774
4876 13700
15719 15141
7902 11483
24792 10120
14585 10733
26855 6463
6472 10997
5788 11004
9596 27847
9769 12715
6712 15450
8349 17812
3022 17125
12881 4404
10795 22736
26177 15670
7079 12540
26631 10800
19842 22066
16739 890
3443 14238
7352 5734
21054 8960
16737 26469
7450 22325
9827 14161
4238 18175
27792 3080
5944 11317
7483 12558
516 4303
24047 7594
12662 21321
14213 3147
14031 1595
4036 17473
11652 11388
19026 3350
20347 2227
462 27796
24551 10289
8421 24609
24283 6856
27688 26046
13992 5814
9247 14507
10116 3938
17920 18598
25258 2776
21744 9932
191 21600
23224 11842
3631 12894
11011 19797
15120 7293
18236 6134
13401 22476
1386 8327
29332 24893
5017 9787
1350 14263
24294 7286
14020 12857
25883 9922
11453 14090
15673 11643
6333 5361
19304 5783
14074 959
25579 25013
4071 10279
1790 17471
3398 28352
21617 3373
23888 26633
13160 21058
7360 3917
28343 21379
12593 20689
27120 24045
5422 9257
2151 7575
14617 21455
13357 28690
18233 9580
24346 22303
19858 21955
6237 23255
16770 27853
22448 7122
20950 2071
28179 28309
5987 22985
16151 18579
10137 9735
9088 15558
18991 11238
23132 4251
3336 7133
28760 17388
12532 23749
10334 3033
12167 16570
22107 24757
10887 15198
2522 2480
13088 26520
1432 14894
15968 13402
29293 26104
23136 9024
8125 12770
20261 27077
17020 19417
4853 16423
7448 17384
6635 13602
16236 14622
25991 8986
10022 7521
20004 8363
10000 3735
1346 7251
18629 13133
20653 18565
9880 14432
23408 13824
27202 14312
11544 10685
192 12216
22928 3460
25419 25382
17061 12298
10647 13695
17104 16488
17036 7751
20670 27035
11485 17835
4930 25933
1611 25582
10961 7310
6477 5012
21134 142
15144 3321
6647 15335
15537 218
14614 11599
25599 2318
19717 2710
11833 7464
19197 28868
15214 10511
22366 22518
24165 27295
14915 25776
19340 25875
28905 25817
26707 20682
21778 12494
19823 28424
23648 1823
28641 8906
9241 20704
7043 28957
23413 18875
2884 13253
14206 13917
19583 7216
7079 14392
974 17813
6631 20314
14331 6179
12594 11681
26861 835
19994 13147
29259 14286
14969 24363
19011 20029
15710 26053
19630 9766
11392 18333
18839 25597
2894 4885
28632 5792
19276 250
23604 21726
16383 8578
27905 24796
16079 21229
25630 6716
5019 21352
16821 15807
16359 6475
6479 2712
3172 21928
8298 10383
6725 27136
6623 9618
2664 1719
15409 17760
27144 9656
10129 14170
14053 8677
5429 775
25725 1702
3311 26563
23054 20131
13013 5876
26606 15312
8587 25597
3703 16884
6623 10427
10483 9065
15864 8967
10783 1916
26726 4390
7391 3318
18559 21444
7815 19807
18038 4183
17329 21348
1390 11026
12123 10222
16901 5192
25533 21307
26608 25056
4655 3874
1946 10957
8758 17810
19923 15361
19725 13112
19750 27116
16430 4773
15023 20064
24579 3704
24246 12551
25052 21455
19396 3638
2321 2760
4649 23673
19887 1900
15192 24541
5773 17138
6141 10350
5591 21884
25710 21135
5639 16104
14714 17888
20876 380
8595 11918
29260 28661
24469 24955
20759 10328
24412 18899
13088 29060
13216 3618
1603 24227
23978 3195
12008 25938
13544 17598
18465 9898
5197 24104
21821 19910
8455 9160
20290 17050
21077 20193
16354 12009
11611 7756
18157 2486
22475 1888
27365 2154
1325 28967
26380 21122
27981 9032
17703 12168
22449 6812
17885 27645
26735 10349
18199 5833
19508 4952
22882 7049
20964 5699
14877 28394
9275 3677
26699 2393
1384 24707
4546 27884
24317 1569
19649 22941
6420 7996
1572 28869
10627 19457
22977 3825
25625 7639
5477 15777
8410 24179
18645 25193
521 4165
24230 9795
7842 17392
8007 9225
12742 12552
7753 3522
9941 23221
22282 16360
27036 23854
11692 4126
9774 1133
7950 6042
8771 13427
17638 17181
8249 6926
13017 4589
6911 3711
14384 14752
21102 18210
19796 308
26582 23368
3829 7166
13053 26111
19345 10732
20608 26857
14858 26201
27989 18627
2886 7403
2697 20524
20403 6765
27449 29240
11354 823
28770 21557
15574 16335
10410 1834
16642 3455
21021 20471
10620 4717
13045 25785
15449 116
23285 26126
26316 17737
15396 29201
20959 13913
20368 12006
16497 14281
7709 27850
15103 7122
15870 26497
23456 22100
24150 10742
25554 15814
27032 2638
16351 10720
24242 27619
10835 13990
24388 7794
2370 6247
7638 23328
15979 23826
1797 3120
4570 9505
26789 15492
16626 13303
8452 10726
6046 3245
17287 27419
14879 14962
700 1873
25681 24941
25311 2979
5394 20342
10772 7763
22408 14229
26911 9031
8698 28707
12150 9087
8856 9582
24579 21301
18704 3674
27846 20569
2739 15776
18632 17617
1381 15151
15309 22881
6556 11263
25859 11949
27424 7274
19712 16295
17323 17266
25325 21840
12436 3938
1571 21291
9340 21969
13236 23863
25642 11725
15076 24200
23321 4351
12460 20521
19501 23588
14046 26056
1314 10548
8649 24557
13642 24180
11496 26784
12089 3284
19267 20344
3042 20837
12279 12381
9269 21334
2707 5555
28878 17782
25574 22842
22132 8678
14007 8097
28085 23872
4796 43
883 9264
20419 14524
4087 2558
11951 11995
5842 27038
2983 8883
14338 11081
17083 23607
3058 19789
24981 27755
4035 21198
17061 26166
25695 26887
4906 24424
21402 5522
20286 22284
14785 11348
3272 18872
9726 11042
26686 11387
8723 312
20269 23061
7212 3815
13131 6089
19423 8755
4488 23457
596 21548
16087 22111
14898 16812
12998 6943
22333 29103
25046 7762
6914 28317
22453 16639
10003 15602
28025 14545
11734 14757
4069 18945
14391 17199
25034 4458
25953 165
23734 22369
17532 6284
15123 3073
23096 23940
5835 16072
23686 1524
19653 1243
485 8569
17882 6307
19991 12370
16671 2368
27127 20740
21312 7981
8582 16989
12438 5179
12973 2636
23367 1148
8919 4953
40 27834
28892 5874
10370 23221
3218 25842
20283 28878
875 4628
5828 20865
16998 22498
23232 10588
13881 15187
18568 18283
27996 26826
19281 11612
25281 13291
8580 663
18243 4439
28497 13598
6133 9510
3282 9350
5995 19384
8871 6869
24012 10518
27733 7473
28835 17428
18060 9180
3259 7271
27462 27074
560 17386
9329 25840
1320 13728
26503 15382
18167 25643
24799 24299
1616 28080
112 3430
18107 8982
10299 8582
15319 4495
16054 14797
17743 4757
23976 21001
7848 22081
14538 4227
10110 19686
711 7249
4058 23033
18450 18044
15139 13892
8806 16754
8435 8917
20183 22362
13718 26301
1587 29036
26616 17641
10296 15002
18217 4916
2466 21884
26996 17003
26111 3570
3152 22641
6638 7209
16317 25088
21072 2099
5443 521
14672 13878
5257 5498
2703 14794
27619 4289
10293 20698
17749 20589
6343 6610
21324 4628
24313 14783
17450 21067
18352 20601
14351 20810
23630 26487
16541 15345
28585 17803
11686 13900
27500 12762
15218 846
27556 13480
5135 4312
641 18703
20720 2803
21132 12687
7430 16089
27470 20699
3619 12285
11943 13790
3738 2036
10920 16098
13201 10149
4545 24886
19868 2688
4111 5729
28710 2310
15028 308
2442 11488
19010 23161
14290 10786
6492 17539
22694 425
8881 26312
12709 16644
6565 12267
18679 17485
28364 2523
23453 28728
23228 9784
27236 27339
11333 26589
25468 22180
26896 27909
4312 12369
17534 18601
18974 24025
6784 12311
24449 15664
5087 3621
2951 11651
15887 17450
24955 14895
19972 19051
10086 9664
28835 7965
7646 10811
5197 3757
3634 27912
27486 7945
10925 15663
22366 542
6151 29149
8673 26419
11276 13759
683 10047
21229 16570
27496 16828
27284 13931
2342 8013
23594 1820
15978 27059
8450 16994
26636 7904
11370 24765
15848 22294
6891 4677
18655 13041
289 27327
10103 11565
7549 6605
17431 28778
23174 15570
12069 16921
25320 14410
24934 15378
12050 7375
8900 20499
20188 6179
28402 2201
26763 10714
20314 4297
15390 9613
13157 15679
3403 19079
23063 10952
25684 11137
6193 15321
22526 18261
2886 14309
28490 27819
25506 11183
1657 5050
2326 21844
11228 26547
19865 4455
3724 10822
4571 19114
16254 17728
1256 15477
3270 20138
26428 28953
27094 28440
10738 20263
13164 13623
1035 12297
7905 26541
19300 9561
2234 17445
27224 9281
14635 17732
13735 18359
28554 18306
3936 11271
2497 1011
26747 5766
16968 19638
1183 14705
14541 11920
5611 27704
25542 6645
6465 4090
29005 25764
9470 1882
9672 7337
6983 24306
25069 16537
9128 20086
5486 8883
27176 3802
5713 24567
5388 22680
10668 6570
8028 25209
18489 9458
19376 10494
11923 25840
10403 11571
18067 19872
9273 27738
23028 16255
18508 14560
3435 23455
1109 4741
2982 28285
4362 4514
19315 9749
27194 626
16318 5865
21654 1270
15323 11674
7583 27245
3977 17985
5279 17864
4320 14551
12065 23168
26625 1216
8371 704
20491 9480
1264 19292
4228 5625
23805 23542
15374 21642
19987 27511
23327 8105
24601 5113
19778 2827
3001 19574
16632 4099
8081 20951
14470 20146
14762 11738
17181 18953
8261 4135
24252 9524
23426 28479
10969 17875
18484 22162
5980 4934
16136 29306
13038 11380
5062 28635
14207 3882
14673 26658
3801 22753
18252 18270
9362 28834
651 22363
14250 8912
26497 9145
14255 20567
4087 25223
4905 22570
18028 10884
27503 4808
6654 7005
12007 7535
2103 22033
7237 16775
19334 11037
10172 4050
29306 15353
28703 600
8359 13596
5331 5500
22740 19586
21886 26826
11272 22610
15859 25120
29313 9825
25747 6610
16829 8397
9965 18932
1074 17201
6350 20407
24057 12341
24456 24006
23514 23802
20425 27692
3861 21576
29011 22420
11805 21540
15709 18896
14793 2211
14659 10570
12036 11049
12999 24684
19446 22963
10079 16339
6627 12249
7389 1327
20409 27665
21152 14566
17930 12221
12902 21791
260 8376
10674 12064
25736 26383
26779 6992
24413 12082
17561 7092
23130 1204
27596 9039
24166 8318
25377 1437
20566 3410
27939 7439
26894 19735
22004 11287
27775 1369
3721 28034
9745 10215
6561 6124
7241 3983
13115 2297
16064 26496
5209 5658
27699 3448
14696 22508
7585 10717
19764 23971
9946 18347
2053 3303
8725 19876
14589 7143
21245 14130
5820 26809
24344 12380
28752 2228
12182 8330
344 28246
5469 5552
4547 3811
4819 19242
22139 12404
25778 8366
2838 6367
22532 4890
9669 1900
24765 24258
4862 12473
9031 6501
9925 29194
14700 5140
2065 26882
9290 27584
25771 14758
28956 26137
14389 4418
11842 2991
12641 8264
7176 15478
10450 352
20367 20119
2251 11596
10840 2933
24068 15690
5253 457
15527 19953
5596 13411
13298 10705
11638 5532
21283 11237
2312 6315
11475 14153
5125 19935
22416 12300
1877 3510
12651 18063
19448 10722
302 26107
9474 24370
12440 14726
20646 23786
1142 22061
7840 14439
3410 15297
19970 24692
22354 18101
26826 292
2898 2594
20226 21133
10713 22102
20462 19184
10809 10553
25725 6930
7303 1662
27119 15562
16387 18408
9991 17529
11113 13650
27787 14522
28947 14221
9857 17764
2965 7326
18055 5862
5739 8924
26995 12271
26846 13920
27274 4118
20293 23642
11047 27595
25303 4630
9621 8154
23037 15431
21502 4793
29081 19932
15134 24491
4796 24990
12898 7761
28135 1596
9442 337
6339 2900
12608 29004
16820 10525
3765 7756
631 10632
1814 25933
15261 7254
550 8941
22685 22051
9554 18229
8447 24687
13363 9062
16141 22080
12642 10739
23675 22084
11076 25833
20803 23683
25481 8266
671 25065
11841 1301
6340 9475
23054 21600
16728 23603
26361 5876
12118 2378
24104 20564
27064 3930
25445 9668
26009 8731
20407 16147
26634 2126
12624 18080
21628 4568
22166 18118
276 470
19419 6616
9944 8936
24035 26672
28358 16859
28367 11119
19236 23115
27502 12764
22864 19411
22431 19517
28141 9301
2127 25418
7246 10570
9961 24693
15137 2770
13455 11233
3240 28693
17848 13183
4092 8346
6318 3093
21025 1149
10032 10904
24263 3997
19487 13590
23407 8382
3750 22191
17682 1697
14072 24928
12266 24033
16084 27403
26802 182
9279 25861
28874 22946
5508 3609
27111 7645
2522 18779
8793 12553
25503 28875
16549 15633
13109 10600
24014 12678
28610 8160
14374 13326
28907 26640
