24582 7024
2651 2629
17867 24476
12871 13081
4179 10666
15848 10396
1110 10435
4439 24225
23183 7210
788 11291
1894 6945
8498 15862
9489 9302
1033 13346
2342 2392
21264 20895
9287 23786
23396 2443
23679 11684
15524 3148
22221 6661
13415 23330
16967 17853
22844 15567
480 23504
2148 2374
5866 10645
18107 15226
19818 19011
3861 22031
21274 542
18216 5978
24200 17029
8292 23296
4002 23687
1733 1640
5765 15147
259 22731
8418 22974
13588 8769
21895 15607
11142 3050
1541 4538
18147 21359
23548 22007
18679 20239
22421 12312
1506 22038
4630 9798
20623 8631
8902 22356
10142 14539
12920 10400
12687 21209
8792 1564
5396 5976
17170 16409
9026 18583
20947 2462
15231 19912
24469 9327
15441 22179
21639 16946
19634 1558
2161 15546
10189 10935
13191 20202
891 1401
6020 13449
22609 14683
14885 3294
20658 7344
19703 4973
1344 16067
7435 16574
11268 7193
1319 2126
4789 22829
19072 24294
24386 21104
15129 9864
7328 3738
5484 8218
5138 11375
21539 3036
1475 11841
6330 22004
19184 1322
2267 20528
17260 9573
12519 3945
16765 13709
5943 21425
11827 304
21008 11631
21407 11426
21366 4153
15163 2267
12242 20172
13513 9198
23080 14859
20910 4699
12281 15512
6020 14419
11329 23279
23991 23847
2513 16045
12846 8455
12759 90
8758 9056
11592 5455
20481 8376
9479 10934
10514 21720
6523 24027
6208 4892
14303 2535
9590 1873
17918 15481
16163 4664
14177 15443
3801 16562
6905 16646
434 19535
16607 9064
4008 3617
14518 24361
11864 23996
10712 22377
21005 17106
21693 2502
21998 11286
4909 6877
13030 22826
22358 4483
2780 11824
19925 6580
3803 2248
23097 4109
21654 14993
13172 952
18609 3107
730 5762
2392 11441
3429 23396
3964 539
1316 1251
11696 6096
8128 16
4339 5903
4498 7118
17726 24422
13569 21401
1959 11955
927 23613
2366 13970
24564 20974
17076 583
2026 19339
12023 5454
18024 15858
5864 19339
17109 17560
852 526
17447 5063
6428 21816
12052 24025
21655 1039
20715 23486
12865 21513
22388 15230
10900 22241
11494 3265
22823 13519
22603 10263
18972 16045
1538 253
10673 18518
17684 11397
19043 10420
16331 760
7653 3800
75 4726
4710 20789
3501 17575
17720 1306
8222 3909
23546 19715
7174 21786
8523 5066
7466 2912
21110 8875
3037 7073
2683 20720
18469 21597
6558 10217
22357 14210
13888 22303
18807 18598
18509 22307
11590 11518
23612 19683
15427 22575
14688 22472
19650 23210
2955 2405
1412 24065
11280 4448
6427 13834
585 313
10848 7014
10401 8494
21096 24288
6214 15320
18175 13
12917 5054
11402 11946
155 2246
9811 14714
7 4878
13341 2962
7283 14624
2316 18434
19071 8742
7557 19528
8926 18404
1959 19326
2316 23054
18903 8401
13664 12496
8413 1998
17549 19815
13815 17575
21932 23497
7706 21811
3665 20919
190 10819
10960 2505
4670 5449
11118 12226
266 20043
5919 2224
14658 8106
568 8850
16507 14103
21345 209
16100 14184
19895 5204
7176 17117
4119 14882
14345 7783
11090 14406
18601 22049
16910 23142
2787 3317
10657 3052
23231 16575
5148 13306
99 5715
22155 16477
19817 18790
16685 11206
8391 11870
16409 15438
4404 20527
5737 18748
3599 16698
8571 22199
14165 770
20758 16823
3958 6832
19875 2606
23279 440
15783 23249
6026 13227
15143 1132
7306 7117
12209 15696
18986 4035
6552 23261
24434 12160
17426 3322
4148 1286
939 18312
1927 21568
10424 5884
3690 5716
8361 2386
6027 24015
924 11924
12660 16066
12927 19965
23054 553
10951 17458
4460 17374
16136 4183
4823 8852
7504 8970
10009 8314
2571 11936
5300 12995
17691 8861
18582 1342
11118 24481
774 12041
11694 13305
3396 39
8560 1867
463 19510
19324 4922
12173 10750
9104 16995
19473 16480
1255 4899
211 3697
16706 5382
16691 9687
14242 10563
11028 649
10333 11673
12689 22026
268 16084
21936 8827
17951 22399
3626 12564
2738 15798
23313 11714
8082 18075
3611 9208
22974 3693
12905 14969
9075 4885
73 23188
15447 10972
23837 1069
22517 11815
23095 22784
3317 20448
7028 21139
18136 10525
9120 20874
1612 7723
7877 9565
1215 11359
18773 24060
15051 6967
14447 23997
11851 14519
22475 2588
781 21601
3656 23297
8833 2040
21498 12021
22360 3815
8577 15913
14211 17569
12076 15822
709 19952
804 1795
6600 19448
1273 21651
1832 15591
20937 13555
5399 18829
16142 6179
15847 19797
4893 98
21709 1680
12118 19486
5366 20567
10816 19576
13553 22892
10815 14133
18133 11491
15927 151
6228 17071
21673 8060
8079 18027
21614 13350
12146 13173
19528 3282
8259 24293
3379 5385
1390 15369
288 6756
11225 10976
1749 195
9157 12436
14327 2579
23798 5543
2729 5443
22486 24273
13502 5854
17590 10405
19203 5153
23449 14149
8434 6998
13859 11685
12382 15120
2343 12542
21747 13567
23389 23496
13633 7963
11221 3377
10413 10436
8791 13142
15750 6694
12704 4670
12548 5711
14946 7040
10735 13813
21188 19041
20810 10336
6143 8481
874 8357
20894 22620
21923 19700
21405 10973
2952 7915
14221 13365
18222 22883
1796 9390
4995 14371
13931 17414
20082 4294
24453 6106
17978 20931
564 14077
6556 6706
22558 7301
15062 18741
5211 12274
13731 1905
23118 16682
9820 12628
5336 3459
10929 7003
12720 15795
21374 2068
8498 16745
6234 8240
22850 24211
4588 23414
13706 11016
5409 11553
18316 20471
5711 23526
8034 19313
721 6570
11413 10540
19069 16620
13870 5415
23623 2008
21209 20414
3947 4996
12576 10180
13236 10843
9809 17695
9546 23386
4128 14955
10356 22316
10715 15938
21131 18748
10669 21851
607 21953
7680 19676
13862 21550
380 12902
23429 21461
8605 2793
1874 21180
12973 15109
7313 22653
8094 16858
21456 12221
7102 7101
9826 17816
22910 6375
11982 8868
3515 12460
6110 11195
7425 19972
8034 7805
8291 6880
4683 16768
9544 6428
13237 22388
21409 20421
20458 4920
12569 17203
17012 19670
24175 2256
12904 22503
8502 175
6660 12016
12634 12770
23082 20059
8159 6405
3153 16321
13156 7835
8506 22700
14134 21615
20377 10960
17453 16125
15879 5439
8745 8309
527 8338
10436 13430
6130 18937
13476 12789
6242 1527
848 4614
21457 9006
11018 27
617 24174
7733 8994
22163 21867
6026 17957
8116 23479
9499 23867
4207 18116
7465 4733
1743 17900
18034 7744
12126 6927
20532 18239
8326 21380
22852 5200
5675 9160
5099 6291
8623 12703
15157 6203
9987 21182
24031 17975
19950 8948
17259 24157
2353 141
4307 4095
17912 22213
11838 5455
4557 7659
23565 12754
4328 21835
17826 10003
6284 22924
16165 14906
11044 6739
20980 20903
3211 20428
14167 23160
4665 6843
22606 7017
6983 2331
10983 312
24415 22692
5638 4261
5769 4620
17015 9968
1744 10258
19970 8027
8471 11425
22804 19386
18035 19201
15578 21117
14919 5162
19695 19583
12004 17718
2018 18858
19920 12872
19041 19752
10982 96
23885 16750
4588 16317
2007 6331
1864 21977
14230 10206
8691 12323
5009 2015
6814 20587
23132 21732
1038 18116
16732 13042
11251 18621
7189 6461
6911 1648
1502 17892
1615 804
9931 6074
16992 11937
12277 18727
9203 1796
4350 17765
14118 9231
19780 20803
5235 18201
17952 6272
11734 9974
19185 22856
3884 1664
4734 10794
3183 6108
3975 4669
6783 13777
10743 23775
1004 22891
17919 10078
104 22141
3133 14093
6789 22912
10314 11895
16402 3555
18038 3553
13528 12513
1826 17284
14176 6432
3367 17358
12411 7342
22026 19193
20990 8058
18257 21865
6366 11466
7361 6469
9024 10493
20562 15812
8694 6165
2996 513
9719 21033
3937 23119
8963 5762
15692 23138
12065 19058
15785 24475
1689 13229
19086 22679
21158 12632
19833 2942
24097 2611
9410 8538
12975 5261
24221 21540
11297 2506
21924 20888
23539 1278
19296 7791
6912 10405
6219 18976
4880 22003
18741 6569
10521 13116
4537 7097
1165 24369
10038 680
2270 19319
9089 15244
24452 8600
12202 11166
11105 9543
7471 10061
10693 2184
17724 17604
12588 23942
11869 17340
21362 6027
23908 7173
19142 3734
14269 20179
3520 24178
20858 5789
18914 5236
20905 18783
13835 8396
5367 358
17810 12709
10290 3920
14765 3431
21523 2770
2790 8810
19981 24024
14708 19306
6614 9268
23039 20754
4864 1849
20349 1011
7637 14680
6246 3831
8753 19953
12226 13991
20310 5454
2117 5889
9373 16881
9192 6186
19523 11853
14995 14921
11294 5120
9517 17779
14259 7845
13950 18994
9565 9716
19876 17074
24268 1540
20904 8310
21364 8548
22300 17091
14001 24288
22851 23245
16459 7460
4848 11271
19313 19842
1481 5896
252 10869
23675 14382
18586 12914
8666 3568
22502 3959
20641 22059
5370 16963
5786 2151
928 3503
19113 14800
3080 17382
13462 19410
131 18310
6098 19443
13569 7451
757 13692
18319 24303
3364 12322
12506 12029
15890 10425
15987 11948
7901 21357
4200 13686
23379 5127
17060 17910
19926 20012
10709 8678
14839 10839
2405 20809
5572 15845
3677 6200
4955 21867
5792 8318
9607 18297
20218 786
4140 11622
12605 11912
8268 16805
1016 7065
21803 17947
392 17019
13376 10972
1114 3505
21682 3518
24313 2543
19362 3279
8742 24188
563 14533
7795 10041
8120 3430
10698 12259
14924 23303
24170 23191
15397 475
5545 12617
18422 5936
5053 7087
16779 6038
10591 13879
9555 10321
16293 4207
13471 453
3684 14034
14857 11351
23946 22976
14780 10062
10524 4993
8782 9984
3602 24178
10458 9146
12084 4169
14954 17009
11256 7022
23046 21846
20900 7891
7457 12483
11969 20927
12935 15652
10250 3081
2420 9614
1475 17072
19675 11870
22064 3746
21853 955
3213 7729
9973 15296
11897 216
7594 23024
7237 5930
20160 3427
13820 3034
15909 1206
23832 4133
16729 9372
7213 19021
18857 8559
11510 13821
20429 8863
17566 17699
9690 20650
717 19534
11235 12486
19749 18829
10927 2275
176 6504
5701 13867
9409 21481
14944 8531
1031 6962
17902 8116
1400 12176
16674 12781
1414 12392
21516 18851
5509 6623
14918 6097
1446 1570
18582 21066
20270 4927
23340 20317
11302 4331
9601 20711
1229 24416
4659 2132
6796 22432
10247 8195
9897 2210
20976 11310
14602 17909
5450 19982
24403 20239
1496 1266
21808 20078
22331 17368
294 20960
13102 11595
708 22575
7595 1937
22408 12125
3940 4621
9974 14186
12816 19742
16395 9081
6469 6414
2279 11790
1813 2099
7446 3181
3236 4544
23258 856
21911 23423
21815 10302
10307 22523
8294 17774
24331 6120
5316 3688
10740 15162
17873 23427
10321 9557
7925 16662
15843 10203
3869 17655
12173 11187
20707 15280
15730 19382
16135 13058
18094 13368
23359 3819
11180 6943
21592 10928
13062 2197
14615 23673
17230 7777
22518 2969
17205 5732
19502 8465
15807 23242
1410 3397
9846 22116
18677 993
16788 10101
13922 10299
23468 12571
14117 10065
19513 10998
20864 7992
13195 10896
7082 5842
18544 4889
8682 11167
10621 3601
19503 1845
2133 20912
5113 11978
18446 23661
12971 10651
9180 2182
20949 8065
14752 10356
18002 9682
21353 14283
17545 9837
469 24499
15551 18884
4805 24232
5468 15425
3123 389
17141 5127
21172 22254
17104 15035
21332 5364
975 5801
7546 21924
13738 22297
7569 7157
7397 4339
21311 231
14048 21779
147 5016
16081 4952
4537 21420
20248 7531
21680 12807
12657 18270
10350 5051
8594 7099
10414 9569
12900 17959
6782 2055
15546 14350
9083 22814
18560 5811
23044 8025
2880 23191
12912 18832
3560 17321
15541 23679
269 12511
11903 12798
6070 22252
17848 14663
4641 3551
24103 17412
21510 6302
19338 12345
20523 3838
10576 14501
9520 9037
22397 12271
7517 10727
6520 10948
3337 21933
10045 3605
9861 21947
16274 15930
19489 9411
6010 24129
12962 5403
16830 9761
11704 11585
22105 7517
15294 7970
22017 231
17006 19831
12502 24395
5847 18893
10760 9183
16243 20804
12660 1521
18041 4223
17450 12947
13634 23332
12365 1885
4152 4612
11645 15727
16196 9039
23243 6907
17008 20549
7009 9303
15670 19382
9115 21388
13693 19747
5861 5225
15968 18392
6746 9426
22614 24067
22244 11537
22688 10026
13421 2129
14637 355
17728 6122
9393 16260
12900 1690
12227 19909
10865 3186
14580 19851
24573 3562
15015 5851
8787 6273
24242 15404
15698 22146
14760 13360
9100 12866
23257 22521
14866 13312
22875 8011
19305 7558
24271 7623
9247 11787
2821 19983
14972 17400
15252 14962
20962 5556
20685 5038
11828 20344
20441 2816
17779 10490
16175 2297
23227 14849
235 13511
3450 22981
21521 22755
5956 21081
5667 15075
8285 8487
10347 23256
1176 1016
13508 22137
6444 9610
2464 18271
5243 22776
21086 23022
8684 12550
736 7328
2689 842
20710 6010
23822 17649
4182 5068
14019 9848
20014 22304
18206 5778
20849 19382
6666 9774
16808 13109
19383 19272
6669 44
17465 3045
23065 1438
15594 23672
8766 18154
24513 4893
24164 23624
22413 3635
4109 11850
13355 24122
9443 6978
5190 5709
1649 11855
15355 18457
253 10155
13146 6921
10070 5900
9965 8424
7338 849
7513 15975
18874 7443
20867 18327
6357 18570
21962 10465
5709 10606
9877 15023
17455 14938
20731 19104
2210 11503
12978 2334
21530 1413
9254 7017
7312 19091
15441 14649
19811 22825
6041 14102
5558 2198
7719 11914
20639 4970
22250 1637
15575 7544
16659 8447
22481 12679
2840 24562
24182 15817
2313 21001
17229 11439
3307 24413
5819 18619
14479 1047
16862 20392
15020 22419
22461 22738
9750 18389
2997 7417
20025 18571
14833 12101
2308 12603
197 5147
12583 24250
20964 14767
20668 13482
1623 23975
13312 7313
17883 3081
8359 10162
23344 23251
7998 21094
21278 17619
14900 24275
326 10342
18135 15030
22314 20442
3050 22510
1007 15504
22050 21842
5689 18007
10613 7183
17271 23797
14496 10572
2295 22726
20733 1056
21394 4021
22021 17962
21511 12338
17654 21836
22551 11078
12155 20282
6938 15205
18081 7816
5998 15420
4947 11686
8845 15559
18741 1533
14773 8526
12104 16939
6669 8127
17866 3353
12147 15304
21314 8947
2931 14257
6073 899
752 18227
21052 7561
8721 14423
15248 14719
5260 20194
1694 13976
11043 20306
15509 1105
4249 2902
17916 10918
10900 11199
14142 22918
1793 10745
7283 4723
291 13355
5494 914
6871 1963
8475 15592
16257 23722
5728 21517
19206 7293
10782 5538
3017 1580
6642 7265
4482 24557
18054 15253
11046 7485
13589 12838
18229 20871
17560 18391
9515 23053
19305 16385
306 3069
7394 16562
2080 12993
13368 21285
20158 24150
2240 23174
1147 8754
5728 5500
8600 23654
20753 19645
6556 9631
7772 75
5919 750
18465 15305
23674 13187
7107 23851
16255 14373
15831 18335
2655 4488
14909 22684
4055 17021
21275 5074
1192 2293
10445 9663
1236 6487
4726 7791
16117 12497
7737 21907
13118 1620
12629 12082
14678 19608
11350 6351
9270 2470
24557 11796
6958 14883
9898 10884
7193 6462
15829 8384
8626 1692
17919 9861
8178 22644
17652 24167
10430 678
21491 23420
2297 9410
10919 16975
4307 22140
23197 13576
28 23043
661 6985
13343 10558
17740 20408
16892 8987
4209 935
10550 21999
10796 18727
20060 3737
18311 5780
4414 15092
4489 6583
24501 15279
23429 4225
12836 22043
17672 12863
20503 18332
19719 9135
4180 12749
4960 21071
21735 9041
21877 7702
6457 7962
1718 1807
11570 19901
7458 15856
10282 11818
22438 10200
2514 21156
14296 15349
18488 7257
3502 14408
878 23092
23414 5057
11258 3664
1417 8282
12576 23166
15855 18904
6545 17445
20582 17987
12763 3329
9260 23044
15146 6987
8533 17659
3560 22700
8298 22047
5246 11799
11744 6123
10180 10447
11180 21310
13982 12468
5009 1975
11051 20736
20751 17596
13598 16750
11000 1650
20079 20131
24565 10642
2535 8387
3591 5966
6504 11888
3430 11621
23558 15045
17743 9155
909 4340
5882 14763
16808 10763
16737 3276
6788 12777
20743 20385
4945 7032
21906 313
2580 21888
10826 5114
5692 14416
11079 12067
1593 14380
23687 568
4842 16719
9595 5623
21059 15348
20385 13156
1400 12411
16303 8187
606 12464
3861 5422
19495 1184
5606 22075
22943 16431
2478 3924
6137 13429
15862 7601
3226 14838
8169 7940
6975 17635
13434 3451
8400 9108
16478 9800
21518 8198
17986 21995
20661 21847
2706 15446
22902 8311
12810 21263
32 15287
604 6168
4133 16338
13640 7359
6593 21808
15170 13567
14860 4021
16889 23132
13128 8784
8349 9935
16854 1624
7220 12804
23342 9925
3667 21662
18236 16476
18214 18139
7181 18689
24178 11185
10444 13235
18415 17037
10461 9002
5893 610
12894 22654
23613 1311
6727 7379
11246 23580
9003 18337
11802 7762
3679 15468
4713 21786
7234 22926
15342 14414
17033 14937
888 2766
3590 19303
19674 13922
3722 985
14403 16488
23510 13434
17798 5654
20684 4333
4652 4976
22669 16325
12738 1766
7082 17322
23423 14315
15666 14183
4018 7988
4409 4906
10753 7870
24208 5717
21791 3219
6701 11484
19706 5628
207 12794
11153 20890
17126 15676
1284 15213
7418 13893
16978 14500
6632 15818
4232 22169
5290 8122
5446 9571
13027 16071
17440 12524
21787 14521
15742 3777
1422 10738
9276 1628
23531 20428
22389 16074
11522 23672
6576 18811
12854 23425
8728 19358
14533 12832
16944 19822
20953 22262
4810 9397
13750 22122
21792 10954
12060 12951
14602 13353
23560 23877
14852 22508
19722 12658
13872 6533
11620 20447
762 24473
19162 9361
19248 9112
22192 11482
4351 18434
9161 9033
3120 22782
6572 329
9025 18503
13280 23626
7273 12129
22920 22124
10055 17931
10071 23798
24464 21690
19534 515
21453 14113
9875 15990
23224 7357
2761 2865
1208 11921
11769 4328
10120 18212
4528 19016
12132 17679
18059 19276
5226 16396
16689 15152
9617 2049
14367 9370
23739 9190
9884 20481
23175 19630
11760 21688
2404 14521
24552 3484
1731 11610
7683 11723
5239 12210
6156 17242
5307 24215
11807 10532
15900 3913
1101 934
5962 15339
10175 4990
24400 20058
760 22992
14978 12519
19970 17253
2329 19939
20736 4060
6839 3708
15782 11949
15918 21937
4481 21096
21441 16287
7045 12759
20072 8017
13564 1323
23227 23739
6312 23044
19086 6943
21326 9481
19333 16713
2152 21662
11941 22759
1139 18779
1885 16792
6018 17674
14146 10498
14187 10877
2202 21103
23635 22273
4409 12616
23595 3053
11772 5196
1386 6276
12010 22711
15628 6761
14713 17651
3712 2072
15700 4850
20722 17584
21513 2157
10547 10948
12526 23
21824 14728
21125 20876
12290 951
8782 11175
4003 20553
16242 5388
2118 3670
3389 17618
10302 18101
10686 14013
20044 1803
18734 16056
19258 15664
18084 5222
2029 6028
5244 23853
20755 1658
20146 8334
2608 4345
19508 6482
188 11168
11742 2177
14709 15002
19794 428
8392 5898
14440 3854
7572 8591
19909 2248
24126 13282
7341 1572
19309 12457
842 15353
13986 20860
23687 16594
494 18484
22947 553
5069 10106
2730 19649
397 22395
20076 8789
3582 9805
12642 11154
18267 7840
13273 17810
21121 20485
19254 15720
8231 20095
6490 22217
16244 5466
14228 16738
23950 12464
17290 4308
22442 19891
23957 22838
17704 19450
7044 21285
4545 19557
7728 22811
2686 21000
15911 23679
16775 10582
14816 423
6094 21177
22639 22210
2061 12156
14237 1428
38 6944
5735 22479
2125 5109
20606 19700
24431 3068
16274 4393
22496 24002
2493 600
20291 18403
24278 12483
4402 14383
12778 10368
10977 10834
7995 12909
22990 22231
14336 22899
4464 19943
20667 6460
469 16690
1577 189
19629 17851
4581 17543
17142 6946
18014 12850
766 17581
623 5040
7253 13400
15407 18229
24233 23273
6556 22512
20793 20763
20700 546
16123 16784
7006 16464
8764 8454
16652 3682
1594 21105
21096 18735
3468 14527
7003 4233
7397 7497
9144 14649
20896 24550
8296 20418
23112 14723
18220 19194
10775 14337
19740 2316
6411 2035
18779 15174
10488 10720
18855 11954
7242 15241
6106 10581
5185 12980
14686 12582
20476 23829
2520 16789
23669 10687
12497 22198
827 6134
16810 11602
20470 11839
13789 2298
13873 7857
17343 24232
18448 11488
11603 1108
2146 17581
11560 7202
5978 1663
19655 1872
910 22175
18660 24578
8279 6574
22193 8978
12579 14292
20451 8467
1548 9657
10636 15292
17385 3269
14814 11250
14628 1834
12229 16773
19414 23789
23846 682
869 18919
2553 1650
16383 21084
1645 79
2948 23710
8928 15526
13419 4796
23864 14839
14324 9790
5420 7126
13058 20233
18248 3103
21939 5894
19747 16642
4972 18882
17323 5713
13090 19875
7362 4890
16377 9007
4841 19196
8006 13768
10139 21296
18564 9421
11552 8177
19082 16972
15303 7557
12494 8840
10531 9850
14733 5567
1910 19577
24320 19232
707 12828
14397 8068
17717 6063
16946 22429
676 369
11615 10686
21665 5468
19978 8506
13644 14477
767 4236
21905 13261
13075 7725
23110 3098
13291 309
22674 12901
19413 23380
1146 9099
6737 18734
15161 23683
16581 15708
23923 3485
1683 21005
8952 21661
4929 22467
11427 5567
2121 8750
18827 15067
16346 17227
18164 4927
17535 16127
17827 12365
14924 18972
21463 21533
13123 11913
20633 4993
2910 19973
8477 4593
16268 17300
1671 21068
15185 12969
2052 17177
21590 20879
7533 13354
13523 1115
18280 6347
17241 11524
18584 7455
5785 15336
4405 18779
2539 327
23772 5448
20299 7538
10040 11856
256 11582
8341 15312
24551 10393
7778 21430
6561 15310
10201 19955
16296 3770
1719 8955
15165 20174
16281 20949
10928 20685
15146 13466
20883 14207
18785 16599
21744 4243
3745 21871
15696 12085
12472 15536
22349 20249
12384 4327
10849 22456
24153 2562
1644 1290
11516 16808
21335 3086
13175 7680
23770 3610
21017 20070
17688 15092
11959 14849
19334 15575
12010 10319
3077 24481
1273 716
20148 13528
5042 6414
11401 4613
8975 12916
5774 20363
5142 2398
23448 18188
9950 22508
21669 6384
17867 14774
21475 5115
5040 16098
20689 17049
1707 23638
16820 2851
24353 12385
16378 4684
18670 3068
9296 2934
15984 14941
23168 21125
17339 22034
14602 2706
19831 11688
8961 12987
1879 5726
18102 6790
21695 14208
23711 23401
13263 15948
1541 13033
3622 17918
17717 22291
20986 2302
514 12387
17115 23682
8801 9743
21005 23402
12320 16253
10379 21152
4529 12257
2167 22630
18918 23862
12256 17918
22552 808
9155 24093
13713 12776
17300 6847
10356 13703
9020 10870
1379 1424
9969 10051
11166 6263
8870 23357
22387 19248
19927 2333
6794 22093
381 1002
21244 12508
18791 19086
13315 3364
18596 2317
16139 11185
9035 1785
178 18055
12526 1556
19478 22494
11607 5934
4174 20348
4708 1850
14886 52
4182 21551
22017 4562
22552 18678
17069 16761
13181 5674
19996 7066
7990 11424
18251 17025
13208 18428
10369 1151
19855 5136
23516 6879
11069 2979
2517 15649
4828 17402
15572 9010
14370 13006
13443 12212
7102 5930
4262 20154
11475 24257
2638 19336
10970 20760
11650 24178
14477 22018
618 9749
2444 24134
16500 13512
2402 19016
4450 7102
11835 20022
16111 1494
8445 4971
13705 15418
10772 17838
10990 22118
17384 13499
16872 3772
9548 3811
3367 24024
1247 3856
9190 3690
3279 979
17073 5681
19994 21523
12782 7118
16834 4182
8612 696
9024 22188
15986 19668
15444 2265
17203 8245
15635 9364
12016 600
13175 15254
24495 14293
18982 8974
17854 22260
9953 10344
3230 5364
7156 16011
12482 23989
20064 21093
24557 4506
18570 15832
24173 9431
18096 16665
17548 9148
1447 4853
9619 14493
19979 9531
4203 14378
18504 22056
11927 3874
7689 15157
9238 14717
6457 21591
13995 1939
17973 13969
6316 11960
5218 5778
21263 23185
22442 14100
7750 23760
18952 17368
13670 14220
2188 17744
4015 20692
15217 15814
24437 22778
6388 9092
12912 12844
5972 2324
14654 23944
16165 20841
11322 21254
2036 7874
19857 24350
21973 2896
23527 16214
20136 12487
5852 22323
5648 9738
18304 20737
969 18159
18932 7228
2668 7133
20072 8512
9328 10015
7873 782
6146 19066
22036 8181
2357 17182
7948 24329
20077 6765
15961 15630
19251 21684
13243 316
6839 6964
21052 7808
540 15273
15035 3080
22277 10396
11591 7023
20283 19463
7804 1846
13947 5257
9898 16175
22438 17846
15922 17805
24482 7172
8724 19150
4273 21966
19337 10983
4348 15679
18662 4887
6241 8987
7966 3936
19254 19556
10958 14954
14309 18633
16671 3545
23890 1987
19719 21617
19704 10930
14711 19603
17973 23435
14042 22117
20818 8668
8518 583
24346 2597
5342 5877
11583 13307
9812 6255
8153 20769
21080 22333
14691 13169
1295 13998
15027 21013
10905 10020
7361 905
24339 18953
22740 20575
3038 6675
21029 2674
9143 1788
8550 20726
14967 18233
2270 22991
14291 23221
20741 4399
11807 22035
18269 2123
18337 4591
12142 987
5367 17053
1610 5124
11423 24349
988 14333
6441 22016
16878 15583
23676 717
11598 14060
18949 13867
12468 8657
12378 8626
12927 24184
5950 6613
1597 24286
11075 13738
691 16442
6209 2300
21565 17503
1938 22552
7125 8378
19857 23874
23832 18950
24462 10848
8427 18828
4 20766
2774 12381
4681 15701
11855 10630
22313 13323
10206 8678
2478 10768
537 8558
12939 22101
1351 14876
19942 8475
23125 15216
7639 22374
9584 7518
8511 18010
1636 8387
14066 4409
20639 18746
19981 7783
4794 17584
21105 14871
1679 23583
1056 2215
7430 13994
24187 8780
4287 19546
17127 2829
10051 183
492 19634
7572 9003
12934 9207
17261 2417
13488 13317
21034 8758
21100 1245
1759 17494
15987 3309
16366 17042
5395 23796
6325 4999
7993 10483
24416 409
13311 9885
463 13675
4808 8035
22549 17613
17241 15227
20029 6018
3833 16353
14776 222
17469 16406
17716 8874
19715 9499
1205 399
8712 7530
5270 16577
18012 5103
16985 6613
14859 17448
20287 19539
900 18253
12569 18012
8769 7888
24030 12601
24240 14095
12823 17126
5918 5828
1417 922
15326 2622
1321 23910
10023 6590
15904 3452
11564 8178
10064 1841
915 5640
21251 1686
23764 9237
19698 7950
16996 19017
20423 16653
8401 8535
9069 14318
14362 10357
15240 5105
12850 16432
4432 22872
23021 20207
1614 10002
3675 11549
11714 4589
17189 8382
6275 16242
17491 1262
24064 9904
20150 19904
1847 3968
3856 10787
18157 18217
21143 8814
23193 9411
535 2915
7572 23555
23121 9185
8847 2213
20734 20560
6674 13212
4232 12948
4871 21722
14209 4224
6915 9648
24127 8761
13615 3272
19547 7189
21360 16108
15875 19971
808 16409
22757 8379
15382 21295
17436 24228
23380 13459
20077 5471
2088 24308
18290 6830
21447 7788
11054 3780
17435 10470
12412 6467
13742 7249
13527 10391
23228 4819
5779 24035
21100 3953
7703 11771
538 556
11288 23789
13886 6782
4549 15973
6380 22838
22675 3244
6043 9018
6895 23477
19487 19179
5233 8518
1845 18759
18909 490
23450 24559
24396 19967
3802 7516
7155 4211
7944 18314
3417 21829
513 7965
13092 6892
6220 11184
10008 12134
20201 16774
10900 14977
11370 16132
23495 13086
10180 17693
13575 9047
17669 13388
4303 21470
20776 11329
1098 4009
5060 4386
1255 5445
12350 14218
12336 18441
691 22215
5992 20763
14407 16891
11158 1066
8312 10070
14152 18492
3052 3016
2828 20720
16276 7003
17480 12469
18203 18449
16477 23263
22835 17603
4125 10474
7239 16332
4333 7801
13837 10196
3982 3661
2377 15139
4598 10560
498 18621
4341 3549
21637 7041
24268 13202
14043 17037
1088 7663
10904 17436
6215 9156
10328 10211
19501 17438
1961 23705
657 15669
9191 4638
19329 11567
19648 23798
21998 20145
17837 1757
23693 14763
8797 23250
3254 22711
15577 4213
5791 1898
21648 11878
10925 7265
22088 5843
121 23920
4966 777
15006 14156
5286 9624
1012 351
8712 22881
20495 1838
55 19477
16600 8723
18016 19725
6851 9010
23937 12514
10907 20874
24391 21703
3556 21768
2964 3676
20978 7801
4324 11401
21828 9609
20897 22711
9959 5026
21009 5743
6863 20936
509 23334
5076 18525
18476 11799
2824 17830
24312 13731
14121 23992
10723 17676
21049 13558
21224 17444
21230 965
4135 18475
10574 449
16603 20404
5346 12902
1565 12208
9255 2073
10831 14202
20469 4724
1418 23293
22425 1019
12313 11835
300 23035
4800 21349
12011 1441
14082 8658
2406 18216
2423 12851
18536 18897
8672 23881
7216 10108
11506 16342
12181 22336
5962 7939
2349 7251
6649 191
8270 18961
11897 8569
17286 16697
5335 4714
18137 19417
13243 20414
12922 15537
8682 6876
9852 17354
6174 16939
2879 17552
8571 14931
15177 14404
22870 17398
21654 4936
17460 5341
23769 4775
13782 16472
21471 18988
21057 15025
13694 9589
10857 2034
544 19410
8781 10267
12053 14954
2495 14932
7795 10937
5152 22844
758 3311
15659 22284
8119 8536
2914 7305
13310 16695
23648 10070
11101 20122
385 212
5128 11113
2117 5543
5940 10897
15681 17993
1141 18048
8214 8807
4402 13365
7068 5032
16548 22598
2733 84
6552 5646
7388 19733
22213 6453
5221 8731
1864 5477
8814 6863
16589 10803
12406 22528
21699 3376
15938 22711
21423 24023
6936 1243
12806 13875
6274 4643
11891 8878
4726 18314
14523 11985
13336 12153
18309 18428
20755 20172
23904 4859
2452 15910
15661 14729
13728 12777
18105 5083
10778 14945
4396 17585
16059 17073
6877 22332
21715 18639
6627 1858
12370 21022
13842 996
8464 7568
19423 4637
3157 18745
9495 5480
9944 573
20209 23671
13221 13603
4044 23998
3965 8439
16872 19896
929 23749
17645 22643
17805 24144
24372 5465
20455 13631
6460 4336
21198 1172
8972 24226
19788 18338
4995 5150
18910 493
4110 7421
14095 8025
6708 17932
16335 23580
13245 17135
22746 6179
15195 15840
5612 14856
21176 1484
3904 2925
5692 391
4097 14663
24488 23884
8291 4901
4323 2490
5393 8305
9910 19360
16329 16490
12709 8082
15487 1243
634 13522
7421 15701
4651 12905
5974 1245
14388 9750
4169 20079
10140 8265
10032 9918
7439 18322
14690 11633
20811 20082
19937 6011
14859 11684
22500 2857
19637 13404
4099 20142
2215 11392
11260 6865
24296 17106
8109 13973
2273 12150
9342 12284
20286 19245
22073 3014
12984 12180
14647 9084
7552 10001
15094 22282
21556 12883
557 16610
1704 4527
12042 3790
15790 23301
10655 15503
15696 18635
4766 17840
6074 14107
5414 1778
8769 2904
4791 21624
14956 19437
6125 22507
4728 21091
20206 1701
9391 20634
18183 10967
579 5642
14756 16240
4232 700
7161 19800
19207 11926
13057 698
1322 18342
2475 10090
21118 7138
7003 11491
1864 12999
9415 6591
9507 4910
8164 18770
962 1764
5026 1412
7277 19653
17651 11508
20225 101
6725 14849
11898 19654
15546 13219
13413 17893
23180 9948
448 5472
21310 2183
18471 6142
8646 3267
10924 16809
22036 11757
18444 2351
13168 1138
22004 6108
12517 17646
6081 19242
7784 17978
14185 23329
6487 3015
16639 4956
12835 16958
10428 9562
19013 4316
15576 3076
7582 1789
19884 4908
13545 13617
7258 2002
14754 4551
7981 2688
22068 14061
21801 5269
7457 11403
3888 13815
14290 20398
18770 2414
12646 4615
11847 7076
8930 2712
10151 16512
4500 5324
21291 18044
18940 3966
19917 8983
8389 3316
11542 5874
17376 8761
11015 122
20035 14902
13936 9614
10717 8124
12027 23362
12738 23874
5727 21540
2003 15877
13469 6375
21072 10177
24290 15301
14014 19625
24155 22402
22812 11115
3566 15477
19747 14580
15599 15199
4771 4824
231 15359
12947 12129
14011 975
11292 19737
22514 13295
10904 11272
19541 7393
21320 19248
22566 10751
14162 22138
8443 12391
8670 12008
3286 3706
1877 18756
18905 6519
23579 19007
21877 11816
6553 11305
12790 17845
6332 10721
6429 17235
21864 1259
24499 18601
20506 22482
4769 9958
19910 13083
22220 3869
380 923
7575 2256
19550 1897
8646 18547
20775 5813
5780 2745
17117 18441
20461 23320
4451 2179
15972 1732
3437 15889
20332 23943
13788 518
9190 9115
13601 6827
12984 13852
7622 20558
15980 2589
22326 43
21135 18518
5855 2204
21134 22844
20644 16885
21581 384
19063 12971
2115 22500
4149 22446
21732 17936
22836 6339
2341 11726
13165 15196
995 20786
11043 16974
23247 8786
16889 19671
2593 22743
21875 23598
20876 17808
15900 17747
18064 10381
6135 20178
8298 10155
18042 5447
3508 16167
11657 5720
3310 239
20915 4304
20897 7247
21150 19433
15904 13456
14521 18496
11488 11685
17384 7782
4783 8701
946 22846
18953 6952
18441 2540
17106 11772
7986 20485
3356 19514
1623 6665
19625 22409
10841 15939
5074 7408
10661 20977
20735 599
14763 7640
12284 7436
15421 17066
16136 16238
15329 10379
23189 9059
12918 15584
20831 20776
11487 24186
15707 12981
6141 10749
10807 16981
1977 15752
24260 12637
12019 20412
13236 2071
3469 809
9506 18762
17874 931
10289 8492
11309 8896
17550 24227
24479 13798
20420 11255
13274 11416
24235 19414
22165 10332
11812 24013
1501 11361
12068 13391
7190 593
15461 10530
1401 256
4581 19146
1187 14870
2927 12367
23637 20476
11883 23405
9564 7720
10078 22709
19008 9602
17540 16462
19805 4641
15892 21306
16001 3249
9986 23062
3713 737
8881 4985
992 13334
24130 2050
3493 2346
14417 2547
22694 1717
1241 7547
9309 11190
5673 3734
20792 23084
20195 16014
3142 11376
12609 19014
14625 22467
17365 18337
23203 1535
23194 24066
14868 22613
1534 18232
377 15822
20778 23070
17538 21891
6034 2136
8498 11578
5869 4579
10079 1353
20465 13220
12729 8363
7523 2643
6119 305
20851 4739
1711 19462
4095 16451
17493 5628
10100 17741
21449 6168
16228 14276
3476 22133
16412 11845
9128 22152
16424 19206
23505 12178
7715 11523
20412 15237
14037 1949
15413 10177
6559 16995
4929 10653
8863 22421
16280 18963
15579 13018
548 7096
2712 4023
4646 18995
15739 13645
16564 7452
8268 15358
19629 15854
2170 15459
6380 16206
17279 21664
1673 23837
14076 6601
9908 22939
4311 1477
17319 19889
14495 17738
2274 17078
21632 6791
11490 12788
20435 3343
20240 3992
18701 15158
19845 20742
5906 1514
12366 23184
23177 13910
22439 12670
20510 7764
10898 238
9240 3506
19998 23606
21243 22271
16101 18164
4351 2880
6370 75
6095 1899
4066 213
17056 23782
20954 22962
713 8609
21435 23761
22518 19291
11720 18317
2344 22618
18554 11456
1413 13841
10479 22528
11529 1870
16109 15751
4621 22350
15825 10715
24248 19890
10799 16594
18961 7043
14845 19545
15651 11697
18723 13459
6278 5733
7065 8621
3768 1037
19948 5052
14877 5845
2997 1696
7586 19106
17318 12078
16745 8561
22793 16411
3740 9009
8294 22701
16051 23010
17535 6992
10124 11548
20322 16273
17280 2804
184 20919
3712 20131
1388 18461
1265 4385
20156 8850
23362 12891
20800 15524
21323 19010
7224 481
3308 15517
23053 19231
13944 16005
1512 23940
2842 21705
15630 20121
24508 15813
16457 3638
11362 17845
21970 12626
22229 17415
21348 21008
5723 17565
11949 2336
11864 19173
2688 15043
9979 1158
9691 23795
17034 11074
23152 19876
8196 14071
15414 8122
5302 7161
11631 16535
423 8890
4450 22523
1722 1087
18948 7316
18523 6186
9651 5804
648 12338
20847 10499
13367 5827
9711 5691
16773 8280
984 386
22350 16269
8379 2941
23301 19881
19347 23723
4188 23797
21663 5909
173 15900
13225 18696
21958 22875
24371 22477
10503 20507
8393 23869
1752 18103
4977 18524
1672 5832
18781 23894
21973 2578
2252 20691
22458 21471
19704 2064
20557 16784
7844 20729
7974 21068
14842 5221
19233 14503
3115 5153
10427 11508
4311 12178
4900 9160
5991 6444
14991 190
5755 12253
2639 7878
8362 514
4766 3483
2449 740
20138 10165
21469 3401
6650 11600
8621 1172
1520 11736
6324 11819
23115 10635
23996 3304
19666 5277
9747 10074
5338 15373
22327 7976
23251 5978
8361 3306
9332 10682
3918 4759
20846 804
8160 2785
12275 16780
3957 13667
3805 10152
903 2209
20658 188
5385 15741
5336 15131
1105 10673
5794 23303
18520 4334
4698 2171
7639 13901
12724 11556
18659 8987
12231 2108
11643 24378
18760 15471
13334 22436
1041 14108
63 21570
14167 5447
12729 19503
20449 13705
5465 1532
12425 23857
5865 16994
1445 13376
6312 14168
221 260
23026 12452
2240 9958
12119 20999
847 870
18724 1759
14849 18658
23328 4433
23976 11346
23935 19715
468 4690
21246 12764
3964 2401
5175 5280
15776 11358
19447 15996
11618 17762
3737 13729
3137 15855
10017 3983
16596 4158
5613 6862
22816 4231
11295 22081
15576 10519
17213 15916
15208 13877
4097 19171
16149 9144
24450 7342
20501 19186
23209 7408
12365 2364
21136 15374
18090 6570
19356 9976
10600 259
16837 8705
4489 3421
6203 19936
13812 23416
11141 4437
12582 15110
23480 4148
24253 23219
11361 20171
17695 9987
2869 5477
12222 24004
20850 5730
5864 15496
15577 16335
15626 7831
457 20114
11124 6531
15339 353
5236 1898
4661 17689
17007 3558
21708 16677
2067 8486
12137 19761
18345 15005
527 5984
14299 21249
11585 20034
12034 2579
11786 3077
10282 12114
23062 21405
18644 13818
21629 23752
15715 1579
16858 8139
5009 13984
105 7075
22341 12114
2125 16103
2408 2651
21959 16706
23899 8961
12029 11222
11540 23814
14298 21693
11217 12777
18515 5151
1885 15433
4320 17599
16883 21177
1028 21891
10450 1004
4383 8209
13117 6379
24311 15525
9030 21687
7520 8218
5938 19549
19440 17349
18652 9027
14459 5287
21676 8263
10309 23560
23695 14628
16448 15995
11094 17347
13176 21544
18223 17430
5170 6629
23809 4770
22025 8256
1747 4963
16345 7684
24383 11074
322 18324
20101 14780
23482 17066
23042 9208
16043 22026
23835 7780
13438 10347
417 1903
7180 18639
19333 12349
685 18559
16990 22582
2104 18736
2962 18448
1709 2634
4812 2030
20957 202
16681 19729
17267 15140
4354 8599
12583 3479
16250 1311
13697 16666
3213 20876
10594 22545
8514 11279
16521 921
9278 18496
19529 12111
12234 21109
14616 17045
23011 10862
17246 15109
6008 9802
5667 10234
18400 18121
13584 10067
19431 2698
2023 22644
23445 12616
20478 7376
23894 12417
8168 8461
6330 2986
20443 18435
24095 10348
10897 22395
21210 3432
12793 2507
13233 18331
12740 7050
11870 1741
16989 6718
4310 19011
4651 3172
7044 547
10547 6228
12835 18587
14560 19036
21572 10421
12889 20956
20768 23785
18768 17267
2635 6851
19774 15867
599 7803
22789 12468
9544 15195
19058 13725
9495 23580
16897 16538
24126 2733
22765 12378
21319 12615
6832 18309
23035 19592
14682 19092
18794 8740
11649 21300
15462 6712
12457 16060
14514 10535
3818 23929
1147 22747
13072 10513
21744 5386
2468 21288
8118 523
8955 4855
13137 15658
23035 11461
10667 13006
5842 4751
21617 17490
1468 12496
24201 13796
3974 14005
24330 7663
13351 766
5827 1840
11278 2988
7225 13618
24275 15215
14140 8520
19941 2566
24177 18393
14026 10262
6816 19867
14884 3851
12647 16351
16346 12137
5437 20191
1559 5184
3271 14910
5822 9097
16621 16971
12085 23846
6006 11649
14350 20145
20168 9708
22582 19763
3518 12025
5314 10205
7182 20197
13927 19700
11837 5563
7254 17145
1043 8685
22201 4314
23466 3440
13282 15504
20410 656
14639 1834
12305 4406
21850 7762
13985 19850
2942 17502
7164 8127
2997 14217
3613 16795
9334 15322
22357 16460
7884 23400
562 5502
3003 24027
8813 16284
14820 4513
16940 4877
6218 4534
9282 3485
12295 23267
23206 15237
16058 5660
23235 18926
19876 2138
11139 4500
17459 8785
20959 632
7602 21392
6006 10476
20708 14818
2178 10945
19330 18989
15821 965
23522 393
4322 11234
23531 2817
1760 14878
8476 285
9094 3642
2422 20232
8141 19880
4306 4389
20383 11780
1070 1806
22255 21777
16624 24432
8139 11243
18710 23832
12080 17649
24096 16401
4173 23044
19089 5932
13211 2855
6216 22304
6496 8509
17825 14508
3806 22131
18768 24061
9328 19837
1284 7000
16903 17779
6722 459
4312 849
24162 16391
18370 23675
8081 22542
22008 2587
3763 10509
5313 9851
8230 11680
18359 1345
1605 22037
23475 20244
21515 8220
15370 22798
15091 7690
15867 21684
8021 20178
22405 7600
11986 16192
6565 19938
14023 3862
22524 17657
14370 3127
2925 22472
14806 21284
23816 16283
18738 22708
11944 15670
6217 2732
13757 21179
10293 5041
18281 18313
636 15975
1331 12493
7456 7767
7848 21478
11628 5662
14552 1288
8788 17477
23759 23593
14050 22864
15165 8205
20861 2527
23746 2367
5130 12920
23545 15422
17961 17115
9153 18468
8507 10355
6379 15962
17993 14098
12729 4910
19759 2571
6197 3964
19919 5245
2847 9386
3526 18011
17462 24386
20409 16625
2042 828
4962 1005
16250 22794
17991 692
16552 1788
10918 22930
17749 4328
12445 5768
9237 7494
8338 15306
11329 3674
20422 14175
12931 23948
7476 5810
23623 3174
22434 1083
4002 2685
1959 20123
769 19949
20686 17320
21736 7021
15539 14775
11220 3273
20414 20328
10766 4169
10923 22095
7714 6763
11559 20644
6000 19034
1871 4912
22208 24176
5994 1499
2150 7824
21621 2918
3063 17724
20237 88
34 11065
14734 11125
14338 10565
6870 521
14605 17793
22487 22318
24427 9336
18251 5844
3787 19993
10755 1284
19586 16621
2654 21736
24316 24274
24525 2796
17287 20180
2884 17320
6662 17617
3862 20871
3472 10604
21264 18076
3686 19168
15812 3530
3921 9480
9245 7580
4763 19999
8735 24348
11909 11389
21373 11643
10952 21316
14438 3657
16785 17193
20848 23318
10228 24582
19607 13699
10603 16288
7064 14288
10745 22875
17689 14538
7645 2351
21989 12407
22349 6141
12044 9548
17401 8707
21190 3771
5312 11045
7427 21968
3656 3564
20703 13755
3563 15599
2743 14165
7176 9678
3742 17921
7971 21430
7748 15487
23652 5154
3183 21291
11166 15098
6256 3985
23676 2863
7755 4405
13779 15053
1790 17306
18616 22365
6350 22051
13381 8964
11633 20557
18642 15247
13767 1902
11966 21514
17388 11036
1957 20442
7616 13122
10957 13871
17106 10051
16605 150
14327 5673
15202 15989
22979 9108
13771 4618
6576 2441
13582 18080
22869 7513
8744 11925
9414 20582
8728 2091
6907 10684
22532 14522
23806 8906
3810 16201
18828 20286
16351 8445
1376 6842
24433 24354
15949 13493
4262 22396
15805 17843
15894 13964
773 24509
1306 10186
20508 10034
12148 2832
20717 10097
17353 19812
18874 21034
11431 12992
16737 3199
21436 17985
10040 21158
17628 1279
10068 21889
23674 1162
15149 14985
15125 15793
14784 16431
1268 10709
1754 13415
13413 22342
23511 6183
17572 17675
2507 4292
6084 19115
7490 2937
12517 17401
23966 5563
18679 9323
2869 17643
10484 17890
7917 1027
9100 22700
17329 10240
8827 18954
23654 22239
16713 22455
3711 9574
15547 6089
13865 21502
622 21226
24438 13010
14045 23693
18572 8013
8433 21313
1073 18916
14620 8990
19814 23591
6979 12432
9248 15805
6803 8192
13333 23516
6064 16916
8507 21482
22876 22372
18401 23497
19015 18128
11797 8349
17238 5786
16234 1088
2388 17178
20003 17007
1585 15107
16016 8436
2956 553
24240 9759
8744 12863
8564 14807
5068 16942
11706 3361
14603 5396
2148 8908
23523 13944
17256 16050
19601 8907
17137 21989
1503 12430
14413 2959
2954 5718
11266 5781
6271 10924
15411 15014
23658 23974
5111 4143
16206 16688
7375 6226
22084 9522
15133 20896
23465 7679
12364 18484
16457 4918
15890 17831
17219 5592
20662 20044
11310 7345
1243 17452
18140 16653
7755 17215
15917 12865
21229 7412
4971 4022
13637 2344
13543 4060
23239 12298
11738 11020
6071 3484
15938 21832
21315 8574
2841 17266
4036 14022
28 5150
6763 18168
21674 14518
10672 12880
2800 7191
20291 7642
11084 9346
9985 24498
13277 8642
12213 304
19661 18283
3787 10888
15532 391
19334 18245
17656 23241
7556 17556
3808 14319
11013 771
4254 21556
13651 6925
4164 9359
14567 15247
18576 24551
15035 7270
8482 2665
7445 3433
20820 11232
14320 11641
11494 8943
5175 4440
7601 12731
21995 11280
2467 8425
12051 6592
5398 991
13516 9434
10349 3372
24552 4343
3213 15004
11484 11694
17541 18929
15126 13778
5450 4736
708 16943
13678 5883
21254 21151
18613 18666
7848 20951
2380 19770
2960 7650
20760 16347
17083 6399
19719 16924
10741 22931
7346 22096
9914 176
16314 458
13825 21763
5193 14532
13996 18870
20286 10667
15438 14188
4623 23158
10556 7002
18217 13387
14651 14395
5024 7023
20793 160
23947 6823
22962 6582
4208 8293
6757 20522
8622 20581
17574 13814
10402 6859
7974 6106
17398 23283
20293 22020
21858 6139
4311 15493
19397 18962
5177 24420
1402 1259
24451 638
8081 22830
7219 12160
6413 13975
8099 15034
9845 963
4266 20247
7821 12111
1642 508
10811 21806
22399 7959
3362 2128
23323 22759
21089 3789
22596 22362
5047 22337
23000 12999
20584 5508
576 2414
19483 8547
17448 4617
9509 21585
153 17201
9113 1794
17709 19795
23600 15525
3043 2251
17524 1783
299 14030
5571 22767
11682 10489
20521 9971
23487 16522
15478 23935
18808 10250
7899 11673
14867 17407
8547 15019
9897 17659
16685 2895
12743 15574
18420 15786
17824 11361
17440 18123
681 23011
16307 12234
8789 12245
22204 7566
4056 12971
6918 22863
23221 14816
9825 13505
7512 18243
3813 17408
11191 20497
20303 23934
11488 14012
15137 4602
662 7994
22596 1214
6294 14320
13447 14955
1854 10940
22520 5781
23911 4855
3934 22549
19670 13758
11343 2471
7419 15155
19750 18609
10942 15342
17832 22301
4643 8258
2320 5305
16252 333
6390 22417
14524 19709
12789 16249
6066 10726
22030 5266
15452 1253
3232 10539
15010 14446
12881 22300
4891 8049
16199 15832
23262 9320
13422 3323
17578 15742
8499 9119
15946 14888
6953 5760
10014 19614
21880 15952
5629 19199
21217 21081
20451 24321
6909 10751
14184 19790
8340 19074
3128 24538
10195 1807
9148 23617
5129 2143
14648 13499
11261 5883
3805 18085
11514 13690
13116 8812
5059 18745
3428 1566
15243 23879
1304 22151
10047 15359
17230 18258
9723 20357
18214 19789
22036 2651
18823 2454
4793 8760
15953 15925
14515 19757
9427 1446
8736 22415
10129 13795
16449 13557
15232 7109
12725 16535
4549 22643
7183 21651
16318 16905
17297 9821
12112 14750
12471 6224
17204 17135
14856 8446
8477 4660
3492 17904
6105 12227
15608 16106
1311 7474
5080 16542
14454 17676
8366 19002
15736 15549
15942 7343
7743 8657
17164 19726
23278 4924
1368 15771
22059 16095
24216 5953
20754 3125
23728 2148
15224 14753
18253 16534
22226 23204
8366 12097
16297 16731
6389 7322
7569 22202
14537 15312
6276 6990
10455 4844
11913 11694
20614 9261
3078 20120
15086 23831
23244 14103
1269 13757
4274 19521
5709 1789
18015 14074
13758 9729
6094 20018
16923 13663
17637 6749
4392 23785
13738 14718
4046 1068
1702 24531
10201 4779
20068 704
4028 18602
14806 5168
7776 18951
106 13356
20612 18120
2847 9787
3139 8941
5222 19933
22603 22730
2099 2284
21932 15836
16873 1267
16775 18574
1216 2265
23353 21155
2968 2670
15174 17646
7837 22822
11886 7814
11595 7915
1224 14442
17701 4234
23254 22794
24166 21146
20814 1554
23301 18163
17261 15591
19302 9325
9583 20389
11590 8225
16961 14429
10894 7425
7492 18730
5664 19378
1961 17258
2710 3056
6989 20283
7289 5532
18366 6872
1967 14597
8297 685
8050 975
16276 2769
10300 1148
23029 21889
9372 15407
11735 20265
22703 19099
14284 3784
13894 16116
20914 16475
19172 3192
12047 1878
8596 5703
8622 10562
20299 16918
11247 3638
17765 2812
6278 3482
3959 4724
660 13202
20131 12266
8884 18251
6782 23039
21907 20547
14572 18110
12312 9033
21301 24358
10783 5314
5478 19404
15876 1067
11611 2412
4704 4793
5223 10982
8146 9053
15705 8677
22254 11125
20943 6427
4666 3014
4755 1862
23433 19326
19971 11162
3649 16561
10809 14431
21747 16159
9252 12912
17225 20734
15323 21800
817 20417
8199 8834
4887 23776
17511 2430
10190 13743
8728 14727
16628 13482
16588 15478
8097 11848
2057 11745
3827 12866
1465 991
4314 10588
13902 21538
6740 4514
18755 7428
348 2244
16261 5106
1309 9061
7407 11370
22803 16134
1515 14849
4905 18102
5616 13001
5368 7673
36 9066
20410 1500
10056 141
12088 23829
21550 18699
3632 15594
1544 3851
17709 17804
8956 19017
2155 16234
5805 375
7657 7191
15095 12561
710 20583
851 5949
3545 886
15014 23954
2258 359
23966 14217
24059 20805
8333 3108
11688 9748
6958 4815
2841 15785
23703 4995
7308 4797
5242 14964
11987 20336
2942 12569
16208 3665
18389 19752
4550 8821
18995 6679
9051 18250
20895 8528
14472 4517
11507 1578
14264 18337
6264 17105
9411 5384
22099 16719
10181 2758
7100 22039
22966 9914
10025 14591
13578 3832
9761 17999
12524 4173
24550 21574
22423 20862
5391 12184
797 16770
13633 14932
10524 19896
7454 19934
570 4843
12070 10750
7472 19042
8206 5855
4245 18103
20318 17694
21934 5368
11110 9747
9412 10949
6610 7124
7229 11873
19180 7897
4060 8230
22700 14455
3416 5572
9806 3985
10286 21748
14734 17757
16079 22811
23484 20323
16331 19219
13434 13554
24458 24415
23172 9287
10782 5200
16283 17882
16944 10880
1068 21003
19109 23767
10875 22524
4628 20552
1926 14913
17589 16531
7960 9085
14760 6861
4697 6380
1369 18130
19806 1116
17835 18267
10402 4034
23338 1974
21787 15699
12853 22854
12119 7380
21910 22865
5193 1828
18707 6991
16612 11585
23521 24571
20670 13570
6721 784
19822 7961
18786 14917
9076 12038
8601 19350
15943 7357
21323 13019
23055 9594
11162 10464
16845 8489
8618 22037
10316 2742
4445 2218
14327 3384
2206 10286
16825 8927
10941 12064
16759 5016
2270 1253
16925 10871
20602 8157
18099 17342
21175 16571
2353 7754
2324 19197
16115 10942
16524 1720
13555 20968
3937 3299
24223 6143
13456 16338
14941 24397
3691 7117
4702 5961
8241 21627
16831 4260
5201 10347
21602 1794
2207 23826
9419 4531
18441 951
15344 10254
2671 4316
6511 6607
7487 6024
12621 20942
22361 2851
20628 1469
9840 748
7429 18080
22246 24131
22340 2864
9895 19231
4529 11974
18474 13948
16376 12204
14770 7137
22457 17312
11324 4258
23791 18810
10281 11701
15042 8059
14552 11087
9399 24263
11706 16828
17760 9369
16376 15389
12105 1561
10037 16505
13406 3801
5742 5199
15876 20512
12207 13751
13241 23530
17880 12321
17758 3578
24022 8217
11508 13991
19175 20906
13543 6171
13023 6592
15411 4689
21981 2933
6121 7307
19310 19526
10979 469
14 2273
20852 12220
15895 9383
11039 9192
21703 4086
12769 21142
12174 24276
10422 6767
20599 23964
12809 9040
5974 3637
13600 3244
6442 19720
10422 1169
14663 21401
1509 14676
23673 22361
2185 14985
7033 13095
24048 4153
17181 12234
585 4772
11799 11006
11410 7815
10260 24218
16726 16105
3273 5743
19348 9586
880 5059
10754 15414
1877 12262
5379 839
9912 7435
15695 16944
20530 15160
20969 13128
2683 21553
17771 14481
7848 4471
22296 18107
3978 14311
9501 7250
19926 4138
16707 20677
9197 2878
11509 10945
15012 16887
11784 341
24322 2768
17157 20141
17928 13543
8558 20482
10513 1746
10381 18360
6088 7966
11757 10066
22276 21257
17187 17491
813 9312
13586 9881
12189 512
20825 2490
17270 7898
2703 16881
10666 19859
12439 3883
8691 20996
24364 19203
22614 10162
12852 4119
18127 24480
14184 15693
21155 6789
8601 21839
15972 22058
7137 3450
22569 3251
5940 15129
11149 8642
7427 21814
3790 19738
1114 12480
16151 767
6972 14054
10801 19695
18173 4217
19593 7646
19909 16037
14306 3800
13165 5695
1275 20173
9145 23716
23423 14956
14134 9989
23469 21432
7092 2676
16587 8205
15027 8028
8844 21870
22081 19644
16982 15543
23860 11864
23061 19059
3190 12784
22858 16354
18479 24004
11816 2913
23009 10657
17868 12432
20517 16754
9282 3027
19301 1286
11103 9617
9185 19946
6776 6556
14879 23629
22098 14157
10911 20576
8633 13972
8650 6780
5616 2418
6073 17431
5330 4372
3505 23069
16803 24022
15112 1374
2338 9702
2532 13440
19318 11716
8804 1383
18271 23682
429 15659
13128 11339
11524 21632
601 20173
3829 6216
22590 9774
23646 3209
14017 2441
1567 6109
1880 16678
7483 4217
1669 10014
17528 20986
21601 1749
22368 15162
721 22669
6238 13720
9425 17633
10770 10025
13224 14470
16112 11103
24243 15176
14184 13677
17616 15750
19658 19367
7846 2558
23455 9386
12443 16400
5790 9461
18021 3447
24494 18613
1533 6021
7750 10830
23654 18519
20726 12295
8407 12256
23269 7939
2721 12870
21488 20336
4038 16563
14992 11755
19120 13864
21140 6852
5553 2219
16184 23573
5538 16096
17475 6942
22116 643
17643 21187
19161 13787
8771 2857
1332 7330
10796 4052
20199 7701
24259 24236
24135 14668
11280 18544
3821 7710
813 9373
9928 16996
8236 15465
8381 1128
22279 5787
1770 15339
2263 20803
4543 10906
23531 5746
18235 9744
9669 13851
17316 9345
13377 16740
24012 24528
10701 3250
7655 11513
12495 17583
3799 20730
8337 12051
21729 6033
17837 23371
21244 19972
19591 1076
6295 18411
6822 24529
3445 16490
13669 20632
1253 2463
12790 554
2409 23490
3676 10063
10293 16042
2935 13963
12189 11144
1431 9335
17048 19140
7995 13709
14529 3003
14785 20695
21286 21606
20641 148
13385 9727
20779 14509
12062 8986
15063 14342
7766 18610
24276 18058
10069 2629
7310 22129
13644 8612
6753 6109
3169 14748
19818 17569
17622 9892
13681 14325
6787 9611
14472 20171
19210 10669
9970 6689
19526 450
21030 2709
18931 20723
20638 4417
23223 3365
1835 12284
11849 8587
18393 14889
23334 13500
7876 16374
23391 21428
6116 5467
6329 20460
927 956
6546 10896
7644 1361
11345 3963
3942 5565
24557 24579
9853 23198
3234 11687
10771 15082
20274 4581
5388 19025
17952 13135
10688 16632
9853 16804
22098 16181
12681 23025
17136 19098
9338 69
20330 20555
4031 24271
1409 4005
24268 11262
2492 2791
22948 13263
17744 18639
17715 23131
12954 11085
11556 23641
3006 21408
15734 394
13006 3832
23418 5559
22801 8045
5627 18549
3889 9529
18237 5170
13533 17794
16431 16025
20456 14668
4577 13617
8597 22291
12038 21550
8793 23593
20480 11799
20418 11632
12192 8841
15335 10899
14271 13426
18815 19769
7392 22576
4715 918
3163 18119
18584 19465
9561 14457
9550 14137
3364 18146
11718 15401
14985 20510
14411 10755
7598 10118
22386 19661
18830 13010
5849 8518
1853 24536
3704 9116
22401 8290
10034 981
1826 3907
20317 11259
18235 5284
685 21598
23302 12402
12288 13576
8202 1988
24330 15799
12105 22133
10750 6352
10433 16470
14741 12285
16423 18316
21401 14241
2023 6724
15093 3849
10630 10699
15107 4154
15983 15663
1170 14574
3483 13457
3567 11684
15445 3315
2772 2839
737 13521
9063 11169
5281 23803
23326 21575
17409 20144
11106 19431
2157 1616
23151 12786
12315 13547
16811 3587
4628 17852
18032 8110
6727 21598
19793 22043
202 22436
171 811
11247 9233
11979 16527
8326 10722
13519 1152
6155 42
20582 8311
1530 19151
20968 13716
7987 13197
17174 12614
6466 10623
20595 13064
7510 15805
10396 7712
13531 10567
8522 195
19671 20372
16721 3414
6384 5657
4565 12538
5571 437
20721 6972
19459 16978
20687 2863
5592 13278
15349 11930
23772 11361
283 6699
2456 10551
14410 15986
20989 22803
16180 16077
18593 8318
19491 394
13846 23927
12803 19416
24363 8813
1805 19111
1209 22363
21974 6800
11058 12740
18601 10247
24100 18884
16818 1973
4724 6645
17958 1130
4738 9555
17206 23330
17744 11986
23595 7008
11331 11687
1713 10983
20500 3518
5384 21708
1170 2775
3797 12228
15386 22270
22346 14775
16443 14453
16620 21166
21098 9867
22295 1253
19294 14918
24454 12455
2194 23338
19334 13396
10442 21047
24250 6231
24436 5051
3228 1023
7825 7025
13122 23082
4584 10758
13275 21026
628 5312
17481 21725
15178 15193
22849 9761
5400 22592
22216 7593
21347 16967
20988 7079
13431 20656
13309 13156
996 16409
14179 8821
23433 2718
7192 3306
13475 20466
24331 14103
1067 17229
11117 16117
7711 9256
1295 13110
7265 23382
20575 3902
15767 16980
10980 4487
12925 24160
17643 13921
15986 7111
22613 14708
9828 5222
17885 23175
978 17633
12695 1916
10151 23811
17904 17733
8356 19199
6133 15621
17870 2125
19394 8926
18976 5663
13413 7319
5240 6345
21111 21098
13327 19013
11095 23154
24106 4398
21746 501
21902 9730
2289 7343
8831 20192
493 17186
14680 6625
8096 7968
8621 2907
16893 3015
8569 5595
10205 13681
11811 6733
10068 555
1035 21034
23581 558
849 20744
931 22623
5764 3219
5383 14594
23282 5747
7069 13380
12244 15165
21347 20864
17943 13657
23878 1802
19124 9500
15482 6352
16104 839
6907 17138
21872 5777
17568 22593
1810 18498
20633 7573
21588 1305
22166 20287
7051 4653
9084 19166
19689 5720
15448 13049
19377 14615
14850 13918
23987 5621
20141 15380
6331 2337
7808 3621
8113 793
1631 9923
19162 22263
17495 16167
23567 14951
11743 5907
19475 20699
491 14581
1836 15810
2919 21212
5714 17641
10419 4990
23261 5850
20370 5010
8186 3467
8502 16171
4259 10004
1511 23292
7684 18877
14748 6540
9245 1908
12318 4009
22478 12680
18589 24314
3779 21380
20815 9493
14438 6524
14482 12988
12373 10141
17869 20430
13607 1788
12018 17737
11791 13528
16446 19346
7695 6483
1175 16939
8263 13365
20948 6158
1462 14826
5889 5241
11495 2122
14605 1350
8645 4504
14338 20889
14517 7624
16736 3541
9284 4044
21278 21074
17443 13013
15710 555
19496 16884
17366 3048
5666 13603
9205 7000
3846 14966
12240 15213
17087 2134
16562 1021
6637 6189
21781 21153
13685 13934
24566 22968
17849 21261
19331 10710
9563 10458
11264 4348
2632 4047
7395 8297
17649 16600
15168 21367
6983 2825
11997 23941
4830 3848
251 11467
9909 22031
7909 23593
11254 7764
21850 4521
4314 16598
15230 13877
2474 1783
18224 5105
5830 1037
13273 23350
17508 3859
20006 24490
6555 7292
23720 11385
11140 23970
22723 21048
21418 5921
19930 8089
13685 17197
12481 17998
9212 3128
7164 11557
4911 806
16533 10612
1714 5096
9251 19221
8826 4675
19000 15380
11966 18137
2054 23105
17396 66
19442 14103
5859 14789
22063 19543
7275 9962
12830 16487
12961 19994
3333 17743
20671 19866
3772 22384
379 13023
17022 9204
17569 11311
24455 4952
4737 1799
3347 22132
1736 22660
11524 7594
12739 9004
2426 20013
18965 15256
11789 7216
10539 15122
376 6627
10405 4020
4428 10655
16914 21321
19730 9900
7921 19474
14851 12657
21272 18069
10078 23008
16147 21473
5891 4303
5894 8317
24315 149
23444 11522
7364 9400
2061 7611
15898 12337
11630 20197
22991 3961
16807 18010
13732 145
12901 4001
12673 9463
22069 22622
7760 13505
19512 13650
17807 823
21838 17540
843 20699
4351 8206
5388 6283
15689 21285
18619 2736
6569 9123
10326 20300
9139 23098
24172 21811
7978 21531
19722 15737
10453 14651
4805 3678
15346 1932
21089 16188
22631 729
24266 3436
7011 15372
139 1047
18107 16909
17817 24547
1322 3432
20265 10460
1947 19726
7689 9925
16674 2828
1079 2417
17351 5755
5966 8114
7687 2472
24301 5607
3200 23856
9042 10082
14645 9052
11000 8042
1251 4234
8006 2572
7665 3560
13031 9611
23286 20591
19407 15249
23291 20358
17665 16059
1402 23630
24044 9088
1391 23634
14566 4462
22908 23608
14415 12970
7949 832
20883 9199
5065 4307
11770 12601
7738 219
22084 6313
20681 16908
21434 19389
12555 14516
10865 13957
13436 10326
22916 14698
9378 12900
19032 7575
11797 8864
20544 19745
9696 16845
4234 14632
21023 16003
2651 4178
16093 24
10363 12064
16803 7214
6870 4776
21601 17607
18732 10326
3350 17065
442 12599
5382 19473
20173 17050
3754 16007
12213 13321
8141 16446
3371 4453
7738 5893
8502 23703
5788 18864
11184 22590
1495 17925
2655 23096
10949 21386
8711 14171
13741 9152
2059 18994
3914 22104
11462 7540
13528 23546
20860 21540
15281 24102
1410 22890
5284 9911
21882 11071
4193 8355
8951 5559
1698 11605
3944 12646
8281 12655
2106 21893
21678 4165
16304 1010
1686 3055
8549 15085
2018 4698
12042 17170
4218 13451
15478 9373
23233 12777
20444 2715
21004 4812
8274 22701
16416 12089
10636 114
33 12742
22006 21711
16906 13600
22720 18591
16526 6558
9093 18416
11127 21006
11003 15216
9874 1770
7 8396
14419 20450
11111 10840
551 19256
8958 16966
6762 19593
16952 6795
7752 14247
3795 75
3136 1804
18537 19662
8233 2919
13495 19359
23924 24497
9993 9087
1557 9999
17483 15975
5738 3883
2232 6288
23138 11189
23125 5189
6071 15366
11855 13823
4903 15649
13769 8038
17452 7596
2989 1102
10514 16483
20333 9728
16270 5743
18814 17826
15613 11586
9218 21222
15468 11449
2799 14023
22509 1341
19212 3997
16579 6356
17691 21481
22005 6878
4808 14746
14473 7797
15720 276
24151 11470
10003 15710
17084 4235
8953 8114
15692 18042
4625 6578
4780 7423
20472 2578
8635 14973
6575 631
21329 24265
21983 18751
6432 2081
8786 20776
9877 24505
21052 9445
11392 6472
573 3893
10578 9397
11878 1688
2729 16374
8265 7380
23796 4026
9958 7721
18999 16532
8223 15745
16086 5624
9913 22518
7704 18570
18711 17452
18493 15052
2186 5174
21524 2630
8939 7391
11899 20688
8950 14627
12480 17086
22006 11693
21112 7381
19413 15528
23784 2926
6690 15288
8549 16474
13095 16124
10461 7223
8865 4243
22275 11050
9417 19088
13680 18355
1768 996
14460 10718
15494 2357
3221 12789
13922 24204
20170 8624
15149 19243
11549 21710
9948 19969
13601 23042
11382 23934
5555 20246
3594 3119
6586 13010
22078 20265
6654 23845
21132 21114
9852 11915
23342 12945
121 12553
12566 20162
21177 3133
14823 8015
132 60
3402 13733
23102 14655
12956 3946
10319 16549
7064 16904
4849 4559
12458 11502
3693 8879
7905 13545
20793 6537
1907 20913
19089 14472
16365 15683
17476 6605
23698 17608
6536 2389
6630 5055
17043 19585
8872 2779
11423 15807
19554 16271
20365 7301
3191 24058
16179 10967
13020 12389
17503 14798
8592 12010
4687 246
2982 22035
6850 2097
15060 13385
4357 21561
18312 21400
16563 2473
24050 3403
18280 18894
19674 13934
1612 22736
13281 17791
8992 1590
5469 1913
16387 13932
13794 21074
14177 16775
18526 20898
18744 8875
9573 23100
5853 3174
19789 22287
5646 19129
1107 23925
13440 20652
13149 15051
18677 1847
8131 3087
3437 13600
4871 19823
2949 18664
16186 16998
10856 10001
13313 5017
18875 22885
3407 17
1476 23195
22303 6994
17741 23282
6208 6470
19351 19356
21521 13318
21203 5069
16404 57
18540 21274
19879 21361
15227 11483
13776 1500
21483 2378
6389 15648
553 9667
15536 1900
8151 13257
8893 1310
11828 15101
7651 6468
9746 4589
19785 6366
9530 11478
6422 3359
8041 1591
137 23267
12945 13784
57 9717
16034 6317
654 16586
15983 16190
18485 24133
4736 2668
732 16563
17640 8255
23030 2803
12843 18105
9041 22244
5000 15334
893 13041
16924 901
11597 5158
14685 11525
14875 6136
17841 15528
22593 9113
7007 16367
8536 11742
19034 9139
3722 11963
17393 2042
14766 5526
20146 23678
3059 563
14429 3951
13475 6643
4852 362
11800 19408
11886 1964
833 5017
17364 23425
14129 24370
15209 22536
11530 9533
6965 15123
21495 24357
17164 11550
5172 12599
10645 8231
13162 364
12181 1926
7006 16904
2287 18805
11729 14045
20641 12561
19061 13422
11275 8479
13209 1902
6305 28
11306 13269
15023 8090
12915 7604
19512 18087
20075 5446
1607 8654
5809 13659
10451 12814
5981 12610
6909 17581
2072 2967
5560 21004
16260 16834
4772 4886
18607 11076
4786 5202
24216 19808
13292 12549
2701 8093
5925 22775
13538 7531
6718 19347
21189 17041
7450 2459
5068 14230
20040 7011
17068 889
3304 8745
17722 7947
13503 11619
19023 18160
16820 18528
13257 5529
6366 15957
13621 12290
14022 2449
19692 20611
21667 16171
13069 4406
18629 18008
18508 13958
308 10993
14846 3483
19610 7986
11430 8402
19604 5742
1851 11713
24269 15107
17114 6053
6353 6024
18342 20246
8472 13324
16275 5556
4912 4633
9834 23540
22513 3759
12916 22692
14751 3179
1593 9650
11036 13022
17923 5929
18763 19773
17642 18449
10297 10045
24501 16522
16068 18133
12185 24540
6874 3877
5385 11657
8382 15218
10614 6184
18976 23401
4293 9017
1870 5885
18538 12777
18906 11879
18706 13086
7069 11637
6953 17238
21681 6743
9177 13166
165 21361
12995 6910
528 18252
18566 8781
8887 4470
14964 3153
3160 19256
12041 5029
431 5996
17806 19336
17746 11801
7840 233
23437 14664
17342 20407
21278 1936
8990 21315
23168 21857
3514 23567
15526 21952
7765 24284
1839 22600
2854 4998
17146 14894
9899 17576
20762 2994
12201 13925
14794 20040
14029 13520
9993 6660
9344 6561
8467 18205
3165 7053
15479 6678
5909 6422
4047 13546
6124 5757
11563 8849
10627 4126
23615 20525
21573 19666
23518 9192
9008 13601
4521 22909
2538 14386
4986 11881
20818 13453
5503 23982
20377 20854
6077 1703
2565 9996
15248 8560
15752 2101
17409 1796
6098 16313
22192 3089
11396 20999
12152 20275
10017 16672
18601 12554
6347 23459
24306 2582
12201 5099
1981 7995
1370 7930
9569 3934
17925 107
12494 8966
2207 5192
10762 8304
21504 8243
11264 8317
4660 23415
3881 14676
15377 22354
2648 21595
21230 2243
24177 8720
7341 1447
16714 8710
9376 1572
12516 2590
1678 299
11556 3884
5490 22189
12060 2283
5849 23323
10471 10508
22028 14351
474 12822
12122 2993
9834 8641
5235 9300
17360 12576
10747 9363
21157 19994
10935 9090
22456 12612
9388 9429
16368 14749
6907 3845
17031 12627
2585 2919
23135 30
17270 23480
12723 4681
1890 22557
13322 7124
7146 6099
19571 17764
15462 16146
13176 1814
653 11049
14297 9913
20349 6082
24533 2673
9926 16982
15299 12383
19900 13723
12412 12459
12620 553
17140 14381
22981 5879
21505 5416
11977 16493
23180 2728
7928 11773
4413 8453
22693 18710
18365 18459
209 18187
21003 10007
10586 11591
22389 5904
604 10218
18234 13095
10642 10791
2894 8912
16669 24270
14328 3936
16052 12925
6663 23980
24569 11076
7850 22679
5203 1504
16427 5283
19690 12719
15289 5694
24181 12967
11469 202
23185 5120
13297 9116
15783 16190
18028 7869
15749 7645
11804 7218
20441 18339
6615 20427
4704 14336
18395 9778
15839 10111
15060 10819
22829 5639
16384 22299
18605 3270
22501 17079
8261 11215
1485 24043
2694 19384
7202 18314
2446 18877
949 22886
12633 7564
18602 17208
21771 12286
2403 13028
22396 17335
23846 20514
22973 15647
18230 16867
18788 16148
9236 2338
2652 10592
1799 5217
5393 8872
23530 7710
3166 24351
5885 15671
7332 24486
8296 4520
12189 10699
17419 9874
3451 16554
5805 1713
7490 23906
18451 1695
15344 3104
3905 17995
13695 5703
23084 18959
14574 21903
2086 17611
21671 7970
8699 4292
7745 16995
8684 19805
3111 1520
5096 6433
17946 10772
8145 853
10096 2013
2420 857
4989 6196
18723 18555
11898 17096
12932 1761
14417 14889
19243 11505
22731 3360
15669 5765
20354 24352
988 23336
1161 5955
5186 19106
16727 13202
19831 2112
15086 22122
2840 19946
3735 21562
13919 15504
14076 2140
17136 3782
16900 11796
15158 15048
15027 6244
20813 10798
6013 21672
9423 7046
2916 14480
1569 19514
3099 21271
21625 18057
18682 24464
13420 22416
21316 2628
13209 10681
4767 5634
14462 21539
17430 5037
12004 7874
11281 8106
18544 17165
5067 3384
24210 7983
17736 1069
2914 20834
22211 24539
14180 16311
24292 3018
14016 21025
5517 2643
7123 10156
8148 21456
7112 995
1911 19115
8741 13063
2511 2574
5645 7577
5829 5273
15431 23564
6213 18345
19688 3841
18173 9285
20151 17754
12174 9585
14069 17691
12099 21063
3264 20246
17937 10375
21113 19847
4779 5143
8327 7161
7588 13843
14610 13416
18987 5458
12398 617
23674 7375
4458 17264
16659 26
10308 4123
9482 24376
21813 21580
20856 366
17116 14210
10612 13518
9346 15262
18532 17544
22423 1537
6805 12450
14952 1209
17907 2639
1826 16871
10013 6283
9552 1962
6180 19731
6084 15662
19524 3186
12531 15670
3423 4936
5297 14034
18453 14643
4713 12402
7476 2425
13938 14152
14874 4180
15361 8071
6818 17058
359 16831
23212 9782
18792 4681
4931 165
20342 24326
3350 8163
15413 6772
13098 20710
20677 6969
10642 679
19242 17989
3104 8470
7559 17977
12649 22791
1337 19466
15266 1695
11586 13767
11349 5667
18447 16151
5831 14079
15894 9052
22241 6725
15695 10756
2724 11661
17596 13237
12340 12128
6643 15443
20597 14073
8709 8535
12281 9918
3418 2836
11484 14876
16602 22832
20542 10339
14400 1663
24417 5584
10586 22075
12180 1571
8120 14903
13231 1006
3429 860
13005 9943
16174 9019
24016 173
17553 11714
10090 20842
14550 21445
11135 6441
19567 6967
16779 9384
8501 16613
14839 19086
13977 2436
20528 21969
17210 9049
22846 20638
9908 11268
5871 1500
20158 5304
1544 13000
16889 11505
9259 6728
8367 20266
13169 3351
2522 5237
12607 11022
21722 2863
5397 11116
5171 1343
8374 22380
10391 6509
18308 20170
17776 24178
21541 13223
4771 23084
1640 21659
10006 10771
3677 18373
6326 16845
21595 8847
22081 9619
19740 19220
12354 426
5626 17524
1768 13871
15321 12030
20252 8918
7490 13445
8385 4448
1958 13155
2822 3597
10104 12827
14239 13780
6489 20564
5914 3502
4700 3284
12992 24439
22376 763
283 3291
18286 1922
17033 8897
13824 12702
17814 21313
1437 1617
1050 3394
14643 3871
6862 36
16570 21101
13687 22930
16954 19600
1721 21654
22756 14713
21382 20549
15475 21664
23711 9179
23458 16161
17947 12699
4281 11050
9301 5717
12538 10222
9110 2599
13965 15843
2506 5824
12361 16193
4171 4605
11210 5892
1676 9255
20476 22929
5221 11368
20011 4349
20418 18758
20382 13654
6746 80
122 15918
5796 12659
1557 14777
15257 15521
6037 17763
21344 18270
9245 805
22746 20326
6568 24293
4999 2461
22639 10091
13700 17939
14312 9408
12114 10111
23061 18859
10190 23182
10194 15857
11259 11623
5923 1805
2433 11959
19439 23649
5518 4101
24453 3553
24299 6310
3263 4715
8770 1320
14805 22341
19258 4534
7166 6662
14516 5517
938 123
4116 11004
15851 15246
22498 21773
16923 348
9022 11651
23996 14411
15624 23738
17964 15340
5465 21226
19926 14106
22545 10148
11865 17093
14554 18902
23754 4487
24418 109
4482 3824
10984 20332
18941 8899
17395 11153
9119 1834
22676 8404
16244 13717
7432 9625
4346 12768
6141 24271
2292 4103
9836 14028
21195 24261
8219 20238
4166 7927
20219 8519
11750 6620
4140 5980
15391 21534
17005 24381
23367 15098
8202 14901
4232 15633
24525 8577
3819 6083
8137 5982
10058 17844
19881 6542
17523 3517
2198 21560
11443 22416
5496 23064
4325 9635
4334 19715
6587 21338
19385 5243
11853 3005
20143 15956
18509 19958
24404 22199
1330 7958
3598 11387
1219 23350
17801 18741
2285 19998
15590 13599
17703 21085
11953 22027
6010 16286
17032 12468
12913 11834
17710 183
14710 13143
16010 8509
8518 15831
6125 9847
23788 9595
21106 296
8362 14324
18909 10518
9611 9916
24117 2603
6291 11487
47 12172
3062 16950
57 15974
4074 17638
16156 18783
6198 7455
2581 14715
23285 8706
24434 22362
18300 20957
22657 1951
10570 16855
12469 20180
2189 12003
22782 8351
23361 22700
20522 1840
15068 20578
17685 19013
13505 9130
13085 19703
16584 15666
9835 15286
24371 9558
13065 17960
5932 11011
19910 16501
3156 7796
11970 5344
19670 10169
13566 18448
8159 9505
20159 23226
5372 13261
17528 18876
22390 6030
13868 14263
21695 23575
4966 21483
8550 17902
14732 14482
4203 10060
6272 7358
17727 18242
12573 12815
3828 1556
6552 11986
10932 2129
10501 16303
15261 3446
10468 12941
9476 24336
2621 6460
23328 7459
3233 7167
778 17964
21648 4852
3441 3338
12209 21168
21451 199
9272 568
1626 15823
12426 12557
17823 22926
4149 8502
1662 14617
21314 11009
14242 23934
17468 12859
6810 20700
20025 7460
13954 16963
12311 17394
20172 24520
13851 17040
8 23122
17607 1634
14363 5450
14190 7603
3666 18211
15976 5199
8245 12707
16207 22358
12059 8964
10634 18740
4954 5948
1617 18907
22910 13800
11590 18499
13609 859
10828 13616
23980 3853
15121 13632
9302 4601
21107 12839
22811 12500
18037 6345
625 9533
4120 12555
18497 14625
6712 23322
20572 8201
17518 18772
21872 4525
12560 10898
5383 23388
24385 4653
2658 14924
18156 11831
19396 14680
88 17624
2598 17996
23968 3094
2947 3377
15648 21315
18001 22231
20054 13862
5721 12989
7923 3010
17385 20483
13779 22768
19288 13582
2710 21817
3795 20737
9065 23190
10835 9024
16103 13304
2438 15488
16397 5384
18736 7334
1988 12026
4854 22041
1305 10575
10319 9100
13456 3121
5000 2653
1178 24287
16106 3759
21393 19772
24496 5875
18251 10620
14899 9771
23795 17208
548 15481
22463 19283
22814 24450
6726 3085
21780 7902
13531 7516
17001 2405
10508 21872
4929 11558
21576 20906
15316 18258
16095 15101
24133 9763
1138 14321
19405 222
6946 19952
15702 4698
14652 13933
4565 21249
16890 1634
4568 5710
9149 21441
7986 19528
18730 12914
6503 15596
9109 21691
9271 493
12209 8821
10255 13219
23013 5077
13440 5248
318 4560
9945 14969
18364 14381
11507 10543
16014 16075
16253 452
12805 24238
19980 6952
12442 1772
22547 21422
23462 7236
21915 10961
15928 7459
24051 14231
12408 12780
19478 12725
17211 4713
2984 10865
19093 14490
21407 10397
5854 12949
10848 18658
12477 6117
1028 336
7889 23446
21629 6640
5971 18961
17472 21771
1838 16812
11419 14245
4882 6186
2387 22092
10898 5242
8246 5281
19732 4943
15677 875
17891 1814
19533 5785
7931 20432
5992 15691
19167 3039
22202 428
21999 14964
22198 23708
7065 8906
13370 11946
14963 15629
9328 1151
20742 17573
6431 15763
22515 21979
16638 15696
23664 11460
21480 6884
7309 2762
22446 1765
5672 20066
2192 2960
10319 24261
2086 17255
8584 15327
4619 23419
6245 13818
24569 2405
6680 6289
18167 4613
3685 10222
20180 2766
21553 16949
9522 4279
19710 7385
5916 799
2740 8107
3759 13058
7658 5716
5731 16113
21042 10221
14949 2577
24038 14935
4981 6135
21223 23019
10619 197
8531 6216
2835 5501
23037 12356
9652 18164
19740 15567
18835 22480
23545 22465
10827 6620
3598 16429
22605 24511
1939 12971
2377 1394
3324 7357
7401 24418
5666 17891
33 14068
23979 2867
19568 22433
15094 4509
15886 10251
20075 10138
8020 18910
8020 18719
819 11489
10565 23423
11290 12504
11812 13666
13769 15007
20895 21041
14842 1978
14350 14746
16045 13618
17484 10902
11468 7995
15411 2771
18118 10775
12781 1427
5102 20672
20145 5921
7579 6128
4633 18868
18503 16444
7951 7689
6740 4135
4148 21582
6112 18369
11617 22028
7404 4519
8220 18743
12385 23630
21385 5920
9822 9583
7347 14796
5673 2909
20588 13251
8908 638
7408 2828
17082 15230
10389 23693
19365 14536
20564 766
8194 7599
22666 15597
11989 6303
9757 24373
5350 6559
5583 15043
16014 12801
5256 21686
15581 1261
10226 24489
1899 17505
2606 18852
8024 12994
17834 2806
2947 13816
3444 11140
21414 1399
2026 8692
7701 11654
8482 12922
18085 14064
3254 9516
2282 8510
6491 17863
9642 16588
17641 11412
9510 20246
5553 17533
8530 23387
20211 11476
12492 23526
22488 9195
342 24385
17886 8042
11457 1785
20835 4831
15721 24088
14346 17874
7887 20708
11026 17401
12713 4084
4230 22222
24202 9655
15044 8149
8331 10672
19496 20822
9615 17273
5434 9828
17076 23319
17741 3822
393 13993
8652 16113
13371 22869
9405 21257
18994 20430
14075 6996
24386 18177
4635 24005
3121 19678
7443 11451
5640 2356
7690 15126
19629 12995
372 12122
11731 18112
15815 12123
7395 24338
3526 20765
22624 12930
17439 16907
8649 6804
23902 8452
270 3826
7746 3390
23375 15188
14840 4432
17544 22401
19430 12462
10813 19801
24455 22543
13202 15687
9955 20596
15442 13480
16778 13355
1699 9507
5679 10220
16182 4998
18543 16451
8695 1707
19840 7487
16766 10097
11919 9727
7915 6638
22060 18599
1728 21932
16431 14929
13036 1803
10815 3767
15155 2882
17121 16725
12388 22671
2362 3987
2958 20905
20437 11652
22483 15566
19139 14666
1080 6347
24265 8866
12984 21742
2882 14711
19092 19312
4929 7417
20987 15743
11056 11431
18625 3594
3573 6302
1555 5807
10289 4512
2129 6015
16164 29
21581 10720
14566 22532
17066 14248
6816 5339
11408 9569
20049 5789
4171 395
13077 575
16010 24132
11877 10052
3016 15449
16353 4570
21255 1931
9081 23255
7818 662
23155 4688
11253 13139
2637 3608
2676 9324
8946 13955
18893 4284
19743 22935
4551 8110
23381 20560
7659 10675
5901 10674
1541 22125
15115 22668
23928 24196
21212 7163
147 19785
11850 11400
8213 14358
14879 10888
23682 23825
261 17864
3398 19875
16216 7948
3402 15014
3797 11061
1106 9569
21606 2518
7112 12011
475 6457
11624 21687
13491 11642
16889 630
22913 391
14987 13210
11278 13958
12324 11410
7239 15721
6703 23326
23541 10104
13629 2627
21036 14734
12196 17932
17124 19179
5360 17598
925 16855
14574 14415
3914 6752
14916 2245
7142 5320
15326 18292
19278 3067
5119 1806
18787 11821
550 17617
21797 14178
20244 18122
4202 7729
11471 21325
2197 16830
14212 3121
9102 4204
17407 12888
10955 7740
15004 17969
12931 5747
11678 7626
8813 16796
9432 2889
3907 9981
20506 1121
24030 16039
19242 3649
23767 6003
263 1381
22704 14475
4373 7096
18550 21779
19983 4794
4808 10404
22762 17738
16150 9857
654 252
1943 10085
3140 5849
19937 23517
6841 19256
14973 1372
22905 14029
7374 23167
15281 5496
12931 19653
12463 6770
16721 7863
11564 21400
18138 9615
14556 9577
19344 15209
9828 21286
583 12839
2424 20391
11774 9264
15064 2036
10635 13386
16065 17881
11843 6763
23248 63
1706 11128
6833 18298
18990 18268
15116 12417
3172 5089
21993 22515
20169 7238
19090 20751
19948 21513
16431 7139
6194 6912
9175 16701
20170 529
9999 7302
7163 8536
7364 8868
19663 14068
2584 13942
7625 17699
1776 10797
22659 23768
8601 18245
6295 3109
14285 1532
24493 6133
8671 6105
12916 17717
22677 8503
18117 8093
15804 697
16628 23040
9437 11580
12525 12020
939 20022
5008 2586
6236 3084
1643 14708
21200 7809
17688 10774
9340 17599
16778 18010
23703 5111
11016 21669
13486 4550
5179 4579
5119 21678
3036 14555
8547 15433
1864 9357
10872 6871
11942 16979
9826 13584
7104 6315
21392 210
17088 6149
17680 9283
24031 16672
14265 10336
13758 3168
14886 18808
7747 19876
15775 10782
9848 24321
1632 11711
9095 12375
18453 21036
4771 3696
10037 11747
10010 6718
11828 2515
12866 4797
11669 12186
21468 1351
22522 10643
4519 12697
4868 12265
7990 20642
22918 17837
20380 24422
4837 4892
12086 23289
1217 16857
2402 11125
3893 12283
17842 15592
14669 5997
20388 1755
18183 17273
3105 16122
3333 7495
4236 8072
19631 12097
4131 17839
5351 24510
17678 10059
4691 5181
8765 5907
21909 11038
16903 1091
23320 10162
16554 13406
16158 12231
15032 9630
4921 18008
1169 8125
921 5276
16196 20423
17372 20326
13679 22594
20125 6774
8070 233
11827 16706
6011 9025
3161 22913
10116 1770
8364 2087
15175 24394
14190 5496
9441 18982
23504 10610
2525 24296
15885 18592
20136 8547
14208 9233
6558 9622
15878 14500
9727 2994
6623 15609
12019 9784
13940 22134
11553 22175
24092 2018
21986 13699
7385 6845
8099 6306
17326 10495
6019 8500
4376 1573
17046 18455
10677 23476
3495 1972
13393 13093
4966 20015
4119 16856
5088 17930
14407 16513
15523 13788
18402 12926
2777 1204
19642 10747
7382 12257
21113 13400
20757 778
14844 13092
19233 938
11985 22599
2782 667
11109 7619
20554 15099
24474 1059
8447 14170
17443 23969
3375 11134
12184 6023
12338 7116
16641 19591
19372 13171
8408 15418
13949 23124
3928 8471
23933 15784
6359 2132
16323 17467
9622 12294
7983 9513
13224 16429
23682 6085
15687 2347
17090 3161
8241 4717
10276 300
24307 5065
13470 8005
20483 2708
6546 24282
11050 5896
15355 17408
7900 7095
10292 17521
19388 18147
2452 8030
9865 1423
13986 842
3769 6493
4002 11882
11210 14277
12181 10806
19213 940
18810 14985
3648 773
14684 14697
6541 5457
7395 14440
12551 17558
7378 7229
11122 9829
15258 20859
11124 4533
21572 14764
10897 991
2063 21978
15139 14243
8202 9769
15055 2429
172 18574
3074 14855
8688 9614
20183 15954
24053 8024
8930 6848
15252 19923
16549 5799
16199 3090
10331 13188
17725 21227
14050 19788
18623 4606
9320 2242
14375 24374
4542 14418
18365 7615
4562 2343
17100 163
18296 16442
8058 2643
23162 23309
22566 15128
4525 14054
18089 14855
2532 11103
11371 16581
6308 5283
21059 15628
7524 10723
15291 11938
558 9074
19424 5119
11288 11942
5153 5001
3801 13210
7516 2380
11936 5499
17379 16332
19424 10757
6476 21955
21860 17847
13826 3457
23129 10302
19084 5943
21024 9665
17880 21581
18738 12593
1989 5443
24406 7014
10315 3625
20223 17830
5876 7449
23200 23127
23780 18042
9301 5674
15414 6450
23392 4657
9907 21810
14830 4280
3170 11271
13944 20921
8141 7971
8932 10002
13285 8755
17015 23600
12251 12527
16719 17999
19975 15337
16543 19045
8668 1133
8 24081
7455 23399
4028 17361
20498 18857
21512 23668
5418 10874
19878 13430
18716 4099
23303 7419
12726 15735
6308 394
3680 22898
18264 23526
13652 10096
17988 22319
11101 17867
21690 18555
16683 1007
11205 12599
19735 8134
11556 442
19007 6851
13872 13141
10822 12592
20431 23547
3617 2156
23812 7168
471 17494
6111 13995
2879 23971
11603 13979
17255 8582
7951 9228
9588 19155
21698 4613
2707 8671
5054 21585
15393 18797
10015 1504
6679 5863
468 10295
7890 24280
17462 8233
17063 23444
22099 19941
22832 9119
9338 15505
17573 17160
22 2450
11605 21719
7062 14311
5679 11988
11185 20943
6202 21200
22447 12880
2352 22914
23046 10114
22483 15925
18346 14963
14659 15862
10194 12908
270 19403
3702 17842
11852 3723
20292 23456
859 2643
13056 6409
14630 24241
2770 20704
20730 634
9001 22953
23419 7337
8484 21320
23261 2119
11572 13209
17852 21637
1535 18122
16457 5236
11253 3727
8831 6834
2472 9561
9477 15528
15970 24106
15058 18739
20099 11205
19372 4518
9447 18080
11854 17931
14817 10404
19921 1807
23613 13191
23443 437
6602 15190
5544 17854
18788 14374
106 21259
23935 9582
12076 15194
8977 2551
9350 4494
13755 4011
8883 23074
22090 20608
16422 12325
6301 11632
14003 5203
240 12735
5639 6713
3214 11055
24567 21873
718 90
18550 24524
9543 6043
15135 18391
8594 24484
22756 22220
3784 7056
20711 1292
2953 12422
13488 9254
23926 2780
14328 24165
15386 19839
6296 18600
6311 6152
15890 7028
6113 9729
6842 15527
15644 21976
9335 24109
21750 7509
21618 951
14436 17747
2114 17389
5458 15473
1932 4801
18252 16259
4256 8928
11515 10423
2817 17697
16574 18578
15 22558
3725 6856
13502 19240
4249 22836
18766 1288
5634 15801
2239 19942
8837 4224
12748 14167
19697 14551
18839 13238
6227 23094
22165 17614
8806 399
10728 797
18977 10742
23226 22573
17469 12145
17230 21590
10399 11413
22877 15904
2503 405
11263 11340
4629 23882
796 24325
13850 19634
12980 19949
18146 10563
12852 2369
10833 23451
3038 5227
9483 1681
3089 2369
13698 20318
23958 23968
7020 22253
15289 9395
22657 1842
20606 2575
1141 21401
2189 14863
16452 15169
10101 9887
1021 22952
12128 11725
21692 15037
16952 6592
16589 19912
8961 5704
15648 8208
5089 22539
5750 20378
7351 3697
22219 3374
6271 23231
192 8460
13511 16516
23500 23611
1820 24392
21852 13947
11534 18962
4401 3775
843 20990
23687 9803
1983 14624
17883 7072
12580 23632
2867 19931
2618 375
23176 8889
23605 23368
17220 12406
15301 16137
11434 16992
15818 8576
6229 2769
2955 10629
6544 3669
6908 5520
13472 8891
20143 6644
15834 8140
5565 18700
3360 8183
18946 1826
16943 17840
611 9580
5663 15783
1006 17097
8064 16823
962 14292
19463 3788
211 1424
7456 7118
6815 20799
15880 2375
2860 7003
10387 8297
992 13618
16479 19937
15443 8839
13195 15925
18290 18857
6997 19167
11243 15061
11407 12204
4770 6287
15863 4980
7583 23319
11970 14397
19535 3139
16644 22267
10142 2320
5981 11133
15937 22459
6360 6798
6587 19554
22594 166
13700 5009
19332 361
20069 6028
12436 128
12186 3717
5108 19768
2325 16949
9455 21859
19959 1388
19543 5518
3707 941
16523 19643
23271 22882
1730 5147
17725 24324
5312 6842
4750 61
7074 108
6088 19382
235 18146
22970 5214
13331 712
22034 22657
22570 17411
23916 17403
22800 3040
18215 14612
22555 16776
12911 24284
21922 5925
23897 2652
12767 3936
2584 19712
3915 8544
14511 4022
2107 12898
9235 15309
13481 6559
13256 11469
23841 12589
4161 21930
15629 22247
11960 13601
14440 160
13174 11780
6085 12361
14303 18723
16296 16886
13852 20211
719 3653
24232 2825
16422 8756
18006 5321
15186 6679
16661 14444
19267 20821
11792 10313
18485 23623
23785 8215
23782 12377
19994 5156
155 9714
23750 16322
1889 12892
