63508 6121
63159 25031
21303 36548
20474 34778
7175 22685
3795 15992
38881 42819
8713 42833
1808 44721
43504 32913
21039 49611
10849 37676
56263 2436
8276 26470
54727 1566
60180 43974
5678 35694
5496 2844
8733 1834
37622 55280
24518 17280
7763 39262
35962 16476
57958 37770
61196 37953
46546 58098
63428 33258
8129 32046
35693 55777
34380 2775
33206 31051
22613 14747
3236 3972
17590 11968
5805 31075
43111 6186
48355 50874
21311 60180
3841 15761
10305 40900
29577 56851
11353 5360
2464 58853
37406 14021
51121 8277
56167 60190
15191 15271
11428 18426
19243 4882
6257 25047
35956 49368
7097 60174
12597 28407
56846 55809
20031 3642
33200 25472
36356 20416
30831 14684
15760 44100
28704 3373
28240 21362
39426 43430
12497 50854
37719 31739
55735 19840
32649 4046
45071 39745
40084 57667
44016 33421
49967 39910
12926 59030
1873 25146
15937 8568
39829 7560
28531 44396
50304 56771
41621 26222
12556 54117
52939 26139
22347 45165
45978 30860
25074 27540
46468 1649
61070 26975
10933 47528
3377 63231
18913 44621
24868 10713
53188 40560
18272 57583
21447 5068
26709 38931
31289 15128
29540 20719
41266 27750
41747 63107
34473 42684
3002 17433
20197 563
44407 31129
23954 23647
30851 42866
4760 31582
29442 33811
8633 47714
27885 5943
52781 54593
20738 59933
6213 26141
56515 23342
53890 10617
62313 719
53300 1806
18151 9988
41741 38421
16981 41558
62068 23695
60288 42691
55277 26221
52365 39773
10426 16742
21580 39070
47198 42317
11358 29274
4949 4364
28480 34702
54352 27284
35420 20008
4953 53570
5859 22557
4347 22839
607 2906
22398 60894
21460 14166
62978 10316
53938 9896
2921 12009
24829 50119
30189 36187
55256 35137
16414 59599
6331 46630
23374 41750
3129 4191
7676 8987
26747 12022
7690 27353
54299 30087
602 12250
20116 72
61937 49917
49339 1350
37790 10659
27332 4470
22709 58451
39607 14987
54542 45937
61616 14407
42 40608
57969 47089
49594 21208
59110 33147
48560 25764
39097 25026
13877 59212
25097 12306
21485 10927
13655 59274
60957 16850
235 20158
11792 15705
11008 2825
37505 9115
56604 37547
49722 51064
60499 11671
8763 56101
20682 33187
57728 59778
58212 8097
31346 59172
59774 52830
6590 49292
24459 43410
2633 557
39431 53796
16262 50438
56621 53766
59552 25580
3668 21629
13135 659
9164 61270
32623 29845
6812 26842
1978 40887
10802 33323
36550 7067
62016 19003
56358 22966
62412 34854
23523 38335
25142 15648
25264 18254
45277 60680
19697 48945
58172 8695
25467 3827
6456 33953
33671 52639
36658 35649
30017 47460
44835 3058
30390 43343
61432 23240
42172 60336
58093 41558
11026 19726
33069 12153
13843 14838
9324 33539
39646 43360
42234 40976
47186 24553
11420 56721
13684 48077
28861 19564
7892 49559
61994 38282
5257 59917
37385 23293
56744 7833
1342 43633
27559 10275
55786 17265
25112 40973
26668 40621
20824 44765
18088 4502
45181 29507
37086 34728
53447 41810
54292 61339
27860 52777
36112 33117
25049 49360
56409 57657
57192 33614
37781 60614
19752 30058
14371 44863
7523 16902
61347 4210
61666 15926
48083 19202
21296 21660
53930 11235
63469 20577
48437 3685
49217 60412
36801 10757
46263 5565
4905 39946
15042 42686
37052 34794
48607 27286
55520 31993
44187 53359
36203 18208
45148 20777
37409 2936
18301 3694
53542 18261
24270 38470
21945 49350
35373 34609
60107 18127
16037 40875
33936 31079
20052 7479
41736 44523
34764 9611
13007 54814
62969 49209
48885 20473
45850 62158
23408 642
2343 52813
58274 2477
27774 56083
51826 39010
3047 24288
33000 19084
1655 3427
26026 61078
10906 43625
42092 21533
53235 55099
52211 28560
16663 37587
49032 38376
36236 48303
14881 38579
13471 9647
16919 17108
41593 44608
56117 20503
5388 25608
15450 46414
29034 41475
43983 15803
60963 22567
13200 26554
53529 1902
55113 6683
39488 16500
45059 12216
40666 59939
26658 30000
45449 43576
47107 62905
539 39715
19900 5926
41186 35349
28203 46083
52688 8678
61886 26006
7108 50949
52559 60636
52850 20027
43182 28829
12390 24732
16908 28919
60535 43565
58918 18339
63004 42516
57108 39407
18722 13499
45332 59907
24711 10027
18346 53262
58076 16723
15760 1675
4163 4810
62310 32876
701 41983
37568 13090
42579 54476
42009 15469
10396 37418
9671 49264
16426 3270
25162 11011
56140 46357
46782 17343
56383 1619
7096 26814
57713 62227
28488 37739
42901 3153
7106 43601
45136 44673
56690 70
11504 11054
15538 21900
48472 1072
7655 40761
4342 32816
51771 60481
15664 10908
14315 47911
51898 60783
11216 46102
59501 15568
59704 38893
18720 3301
58357 39719
23838 51539
39788 35341
62592 31189
33104 23419
32261 40758
671 12466
49437 28306
9438 1593
15077 63125
25367 3467
36263 36582
49568 8119
28013 21628
47012 46733
792 17724
62315 24629
5754 14459
35834 44210
45647 44801
4120 53771
61423 44163
42100 47351
48332 51538
48943 63408
27018 10801
3366 63280
23247 28798
7890 51259
50425 30765
10347 27080
48489 9154
51709 30106
23612 63406
10807 45122
20562 54299
11249 18476
10817 53348
2319 59148
17241 27125
59047 44258
13790 38277
44029 12900
3566 27783
650 29854
58547 50369
56933 19391
59522 20997
49497 58997
60266 36167
40610 17320
26957 51858
11659 37773
17562 13977
9276 34802
41102 4815
54924 30755
43091 35444
43654 22520
39090 44303
28237 9993
7027 61033
29383 3040
18522 54743
62036 54651
3266 15002
47834 30222
42723 59493
43859 60284
9961 53134
7442 26926
33812 62365
57680 52766
10164 37825
11777 49254
57992 15877
35110 1510
13402 40356
43922 7787
31591 18313
38301 34856
33314 22627
40941 51901
57983 60663
48676 43807
26153 31981
7225 59964
30837 40768
49222 41001
15085 36862
26746 48940
28603 61855
26313 42004
38702 6726
25654 46156
903 446
56875 34216
62444 10172
61980 56918
7326 23012
13081 33478
54992 20305
5798 22321
36936 30883
63321 27884
4236 2422
13315 8702
40140 39628
26569 54705
22217 52222
13217 23119
28532 6583
33199 3331
16754 31670
36113 63452
54681 49193
9285 46165
45361 15082
4977 18788
45964 44161
46672 26064
46582 59986
34765 62585
11969 61334
53781 34186
50047 3489
57304 54442
49444 26994
33637 2689
34528 6241
42004 25700
55433 51289
47728 13149
2862 28568
31936 48826
9220 54471
11381 31665
50949 22009
30741 38781
19834 60386
48830 45745
366 42626
36678 49809
45483 6806
28362 55874
52418 6857
57438 20206
34009 41657
33354 36871
6717 1782
61560 55308
56252 48804
62837 19556
7304 5933
34201 27138
2810 19522
9374 42548
38011 21915
28848 59358
28721 33073
51723 57002
15794 45652
13700 49802
63173 47053
62536 45753
24698 36451
37552 56814
21746 12744
52233 4914
18677 22925
32051 21486
18311 17288
525 56321
15066 5237
28034 19650
14173 55621
13144 29966
13628 26843
55632 13292
10387 30523
59044 35085
3466 8952
28390 25211
21695 56486
30124 40371
15903 38038
37721 34213
31189 14109
2889 46255
58717 6787
2396 9382
62407 15539
15211 12526
42381 7334
25818 28632
37857 60725
39580 41322
6168 43833
42396 3727
36810 48384
19961 52712
62285 33545
62788 29966
47654 41541
12712 42862
48327 54479
52243 47225
45882 3946
35614 618
50651 37295
29249 863
34512 44692
18048 16543
25016 36308
59641 61826
21183 16094
51029 19959
49638 26173
25788 33783
43577 14363
52509 28395
5334 41243
51483 27079
21052 23588
27696 47567
60883 32809
24293 7750
13992 18205
24292 39008
54512 20425
37325 12186
12382 709
8008 62019
2745 33796
8158 46321
48158 36530
50579 29355
53636 38553
56433 11180
38005 59993
34610 11243
29293 58902
18992 43284
52970 19147
58155 43973
15435 31971
32022 3680
8544 40030
41563 11288
49689 49720
57609 10202
62113 44679
39557 52240
59096 8345
39283 33592
4829 10384
20698 34121
45150 15553
53269 34611
34699 47915
54448 25998
55750 22961
29677 785
38854 7731
12072 25034
33314 6172
11100 31918
26715 26520
20650 22302
34864 59932
31757 15557
46180 52454
25541 3685
4498 15301
14159 15060
39080 5098
41057 31321
28059 46598
32105 3404
30192 44176
4302 63506
26212 15401
7779 52926
41920 4292
51091 52647
40088 19339
4695 22759
47656 30236
2307 52153
21400 16465
43076 60479
21563 59997
28291 25485
43086 60395
28888 49141
16927 9053
49138 43138
24453 32781
8419 42236
37072 59509
7239 53023
54711 51305
51645 14722
57404 53951
42738 15296
46280 22305
51638 4334
18793 16421
29818 37742
52679 34569
23375 6097
43622 48376
25098 43938
17648 33516
62038 30584
5380 5768
59470 35954
32936 47607
50675 26832
38049 29904
17991 20820
28073 6120
1017 46865
22540 6698
60471 51083
41267 20337
57179 21380
44576 58141
41181 38088
4012 39710
44535 48764
21341 40496
21209 54277
24594 47748
56972 38507
53515 11454
35190 18079
17573 36207
40808 15977
42904 37770
42923 20662
33970 12457
17905 15037
7089 59086
53124 11101
11151 10014
59864 32492
50510 56936
23260 11595
41175 56095
50101 7046
4040 21783
25124 60984
33853 41795
52824 52620
55428 32238
9774 25889
44695 3542
16790 27647
38491 45777
38747 49642
55791 35102
18625 42792
4394 17748
30250 21432
10334 16843
28477 53745
14489 29465
27084 24205
7751 16400
13316 63179
24501 62461
1423 45059
2495 18212
9198 40985
481 47944
2982 32135
58910 21606
11418 63303
39353 41667
60598 25550
34373 25567
15786 24725
55031 42870
48929 38645
35133 62245
38315 35497
61197 39738
17048 39555
33813 26245
56404 10157
50052 59385
42291 21317
17483 29572
60483 32699
7731 57573
34113 17967
19631 25762
42692 50525
44495 3976
25661 16119
42084 39840
51616 15637
55441 44527
55191 25745
7263 48086
35902 33178
19827 54056
54495 13173
20120 51469
21735 3714
45533 55847
21680 41027
57473 40235
28043 38459
20075 53704
30442 62158
5899 57921
14286 61339
38939 5969
62947 22065
29918 11204
55242 25608
1752 22092
38780 61243
10053 60515
1448 31449
28717 62499
8968 22681
15090 37010
61140 35164
3069 3937
33813 48339
61857 23963
46169 13151
5795 21472
35215 35712
32675 2812
61320 10290
24904 12455
8024 10820
48833 48843
42268 14042
23698 51235
12586 38787
601 10217
49814 43041
53525 59490
27872 51873
19944 49904
1515 25738
7867 12593
37314 16406
15405 10989
26695 16172
23443 10583
26991 8768
59425 5750
62181 58986
32849 11258
34264 9313
60847 59941
52353 50863
55923 56088
15092 12358
42484 16606
13960 26214
5063 51273
42619 59839
62261 5806
12502 61567
55760 39492
46198 27540
21105 44870
23018 29817
56128 33145
39129 53466
29578 3838
16684 21992
59925 31775
10213 38900
24245 24172
1606 29307
11936 44224
25637 50060
25893 14002
48119 18144
29357 30808
21548 50461
51542 44565
56142 44161
14201 31762
9982 43778
35599 26665
41633 32016
34304 51846
46779 58548
51881 24248
210 309
44336 1710
26232 6720
15711 50214
728 45067
56886 22275
7883 44919
42703 516
1435 56903
32278 50788
13037 43740
53316 54669
51619 24111
18870 34890
58522 7243
59137 58731
46923 39964
60440 9646
22548 12642
59860 62647
33572 29101
60785 41455
10511 39979
41970 51317
9237 10739
38596 61645
30343 28403
28670 18453
28378 47539
53342 23391
30645 24835
57986 14059
40662 54917
63077 39073
43423 35292
38211 52858
884 11351
30804 11394
27193 9266
62710 36430
59376 13661
34566 26210
17927 63235
44663 46304
23130 10360
45559 53774
35194 40036
43697 12348
7308 43265
51420 26594
15048 1987
15944 15931
13337 46747
3188 40530
56012 41761
52823 27744
55421 63252
53953 9839
62979 10971
32007 61972
21331 14057
28101 56524
54092 8289
44735 37263
51553 32647
349 42464
10497 16292
58394 23833
63038 37445
40226 31406
15697 29540
35013 46981
29284 1321
32684 4618
12292 1182
3081 33622
54610 7045
2501 21057
15334 23100
58319 42750
31610 58667
21706 42106
50822 16591
2430 50352
29900 18520
57621 45596
48059 29125
29069 53206
30445 61752
57823 18600
38797 36767
28085 29898
43812 30586
50954 35009
53685 45764
14250 21786
16787 35955
39755 4100
28410 18048
30315 58309
36567 24427
40396 60490
29415 45328
50187 35724
19435 44502
54323 58231
57132 58272
24620 13299
1213 51437
48307 30761
33693 62557
28410 50479
35003 4656
54578 63412
22703 60757
58212 59270
21675 10964
56251 26954
56291 18793
62677 12218
63294 29355
46312 32782
24118 46796
46080 25330
34724 30879
31954 4908
29927 60363
31250 1421
1510 61692
40697 24213
58940 35400
59346 56478
46363 27952
19923 15010
46744 58463
3091 22394
174 49402
55175 155
8553 13610
1349 43277
44488 33302
24048 50278
30157 55298
27563 31666
29345 4751
31742 24776
16014 3443
57117 38241
31394 13532
29114 54002
47858 32204
52259 48031
57469 43925
48186 2514
33398 25398
21654 53750
58699 45701
40519 25347
37490 43945
32877 3326
24559 40482
3965 16437
43925 61082
54677 51182
50477 59654
41675 34826
4213 30425
58721 61681
50213 19262
40058 20103
44659 37575
49716 39849
19768 2590
41060 33121
46535 49800
12311 46957
26773 16275
63393 7189
53220 30425
58371 16052
26570 36537
50878 30782
42826 21954
4819 29530
41215 20740
25496 22365
58315 11703
38077 53946
53665 55000
23558 36691
41291 35868
20139 4556
28007 59396
11744 57090
26312 45978
9634 52882
19007 36375
59527 37696
58328 40209
43089 36034
60949 44449
34262 31619
32015 8830
22056 22171
39694 21477
58861 17476
33209 54864
22031 61215
50751 9639
30660 13554
55616 40293
42299 50486
13159 14182
24673 7978
54390 43626
19875 27694
24566 54136
35176 56580
38830 33095
15243 54387
54572 49967
8354 24272
41322 6249
61350 4428
15887 28501
57354 7994
44658 36144
34344 33680
26189 59016
17522 17071
14997 37396
20628 39562
3888 55804
8498 18581
25390 23740
9459 55825
49570 57184
55960 3248
63432 29665
7675 15810
58166 1520
63176 15179
13528 34011
48858 15580
29518 2871
32650 20379
16131 29142
59940 59390
60809 4929
14462 22690
4532 63292
54379 54102
56967 46830
33213 56891
12987 40887
48564 47016
18271 48231
38058 7662
18733 62779
23241 48251
41514 31755
5121 57644
36760 40924
29389 34060
21717 43850
32613 26248
19497 23483
56213 52327
46177 25917
45709 35027
42668 30765
57906 36802
15487 32455
20327 34220
31725 19431
58334 9730
51185 39318
43237 300
56105 9117
34359 14313
28830 3464
16425 48326
2810 9129
37145 48986
10910 58717
59876 29441
1837 54273
2734 56696
23219 62432
3271 30808
18354 37468
40537 45403
52649 20266
45702 45245
5246 16553
35422 34076
59388 51846
18893 62197
36838 31901
23539 23611
2974 19906
53051 44182
10671 31648
37369 33889
30571 40639
40560 24789
53970 17589
6683 43110
13718 28248
711 18963
20664 36132
53038 16543
333 47795
15232 37170
55559 14634
36645 34396
34539 2051
15070 21073
33699 52438
30826 40133
5433 7877
40785 35266
25465 47467
14868 15046
12207 15578
34009 32870
27573 62910
25277 27905
47196 16372
40938 15111
31005 14074
49506 41407
16125 1067
62480 49823
29369 29797
2311 10665
37673 43096
45930 63138
2918 60797
14675 54496
52238 24547
63230 16302
23949 24998
44206 47008
41369 21636
62118 48237
11573 23980
26135 27697
25046 970
53383 30278
30766 31558
40942 4931
11145 23364
43932 53434
60024 34470
44422 24618
34881 44143
40919 58829
45004 60989
18192 62236
58488 56174
22828 45924
16645 48962
10113 41690
25796 63495
47832 56561
31544 25265
37355 18552
24492 57150
8478 60380
28112 28763
21489 38856
48769 38271
34176 6128
11615 28231
4855 45966
20896 27682
28382 37540
52507 38494
55094 14794
14344 39417
47219 21752
40545 21065
40303 1529
14707 24644
61908 18682
29270 19888
57537 14530
34022 4068
60029 45637
8162 1375
28094 29058
4920 56475
3089 33291
7324 34046
23948 21668
9954 7658
19283 50499
4587 35449
27891 58665
60093 26290
53210 1718
22041 23102
55620 56062
3033 52140
14054 11194
29379 42148
40251 10162
10978 19204
43452 18302
53249 43264
15833 39067
26785 35115
26057 31371
7055 29811
2391 43011
31964 55600
44729 54004
54565 12704
22421 57597
1335 36475
5283 6577
54486 45533
16739 41327
1228 60190
59628 54477
39945 51324
30035 3222
62302 31955
10456 5849
37629 52219
24723 6084
20174 45315
60087 11231
58018 58371
5319 35217
7201 10601
41793 37550
56134 58531
15369 33225
31077 50860
57 46885
38676 5955
25970 37469
37909 36426
19181 12029
1000 19768
57484 21173
40946 54062
32403 35456
24789 37722
46536 31989
24186 684
6031 56183
59215 60771
25900 2647
48122 25956
49531 23289
7775 11993
36622 45683
24282 31666
33576 25281
51433 27551
46453 28871
57477 54720
40190 58129
4797 62589
2473 28982
63272 47875
21657 34842
45137 23420
37488 29751
25239 23511
53039 33013
35503 2016
54560 35648
33682 491
60928 60978
3905 19736
2204 37245
50319 18257
31865 55115
17337 34338
59961 56473
18704 57481
27806 333
17392 1786
5947 18494
25296 58985
51507 36662
36865 42558
8801 46410
18912 45592
19743 22816
41191 21947
60061 28002
16067 4281
58980 9268
38618 55432
2232 33186
49404 30037
9382 42659
31822 15328
61153 32981
50176 49151
6134 23532
4064 54306
45805 62347
12253 2040
21654 53444
63358 57578
57309 15916
61859 52780
25183 12832
20568 27414
21881 45835
33315 31262
24986 1628
46589 22630
10473 33257
47644 16606
32652 27571
46776 14949
2273 59028
56360 23926
24827 56209
57368 18627
8616 31582
47271 9663
44413 43702
12940 2786
26028 46254
34047 51013
23746 56500
49506 34218
2112 9505
26687 10627
12939 9954
1439 15211
44846 57798
15001 6164
50498 8860
655 59114
40441 23789
44640 60717
3982 57579
63502 30009
40325 9905
56886 562
42268 42883
34779 44379
28252 37329
30869 41190
47283 32308
56401 4484
26597 7893
10647 13587
56124 50673
48564 8920
10953 29695
6128 54306
23765 45494
20807 39953
55398 14184
40514 10021
32930 51156
30263 61181
24977 61131
38863 48123
29930 7619
52606 32391
54883 39116
21841 23362
26281 6896
32281 13097
12454 38408
3895 36218
59765 565
52035 27518
14748 29040
37538 23541
56060 4292
21214 17528
41287 35940
2142 47080
19422 54747
15962 50168
6218 37802
10021 32498
20561 18165
21459 33014
56572 1217
45096 28693
1781 33622
56210 55900
38525 30240
15932 31076
10395 13009
48603 51681
24812 26608
11117 44233
57218 27078
30892 63436
40744 16776
8289 61304
34940 5611
6674 3868
6827 51769
32560 8607
61254 25261
40370 36270
31364 56302
3838 41759
45174 28304
5795 6478
30776 16911
50710 24485
19853 57466
276 60596
50105 47937
58391 21537
53547 1556
25404 60374
29188 33827
44844 26933
59087 21706
63203 2807
53871 42904
44565 11400
7699 26223
17877 14338
43134 44451
38823 38850
14272 14962
35937 868
62898 6683
22404 52937
47611 23671
25666 13290
57497 46373
16087 28940
43942 55153
31746 10168
34548 52174
21568 18110
14888 39444
32448 33885
59758 47134
9226 10521
62095 21026
11389 37349
3573 9656
26777 51183
9191 28306
40336 3179
11170 56422
7982 55112
48066 15591
1771 58477
4256 23338
52451 58516
38646 21390
4756 34895
44387 53354
21280 42973
10871 32668
56185 14443
18187 19453
41489 27377
23622 18317
6420 34792
50602 14401
2259 11024
29992 43401
5992 10111
42603 34306
5118 17740
55695 49246
28498 12437
39091 49777
31274 25825
58308 23950
16132 12987
19267 57620
40363 42888
51800 22646
53543 38894
37047 55801
25781 42902
11558 31772
53012 54160
41942 33994
47763 34128
59103 12752
22429 10549
38393 53702
36373 33192
14143 28368
22042 33409
22480 38269
12789 50143
60914 2823
25528 34452
34488 51308
53217 46045
58944 18585
12560 37377
28442 60322
47368 24036
48937 6288
34584 23821
59989 46820
32877 49996
11680 54918
19896 10023
29678 8548
60165 27084
50743 22185
37399 61094
49356 2972
43630 20655
21556 32053
33895 49997
28866 57127
49896 14294
63414 60343
13979 35759
43654 46855
61618 55333
38264 18005
1847 4434
2417 62012
7381 53159
60060 20643
50744 21771
23614 6729
18290 45169
14645 52184
7521 43510
45802 57416
33667 21572
30114 47645
33194 10260
30991 31303
41456 45119
25171 19167
25416 27587
57042 8660
56609 53593
29302 19708
51227 52916
2300 6008
10440 16944
58192 17961
60453 16349
51240 6476
37920 17846
29984 7605
28105 36839
14771 45424
18449 39942
1082 19728
43392 58123
28387 36493
24071 57688
56200 11790
47095 58500
57169 57535
11935 27716
51359 48252
44065 39090
54727 57848
56935 21202
41317 60903
33904 56087
18683 52352
32520 19764
8571 12404
14379 36957
24760 14313
7001 17451
26102 54095
51814 19763
23985 39613
47478 11835
24356 3898
50925 54946
61746 20215
52011 39554
56982 22407
32132 12156
50622 40516
7783 59193
28783 61533
8505 53542
12338 15505
46856 14303
45464 35162
9929 5940
11266 33271
57147 11485
37168 20427
42294 11269
40641 30796
50822 9978
29066 58818
22133 16180
11689 5780
51236 40471
3804 59740
6368 16141
51109 53223
30444 33064
740 40372
14867 51377
10134 8505
38725 23166
28931 17510
34434 45436
24170 21748
55413 53235
56429 53410
5906 4609
59189 33005
20943 62992
5101 27310
54997 56209
56396 21932
1628 33000
38167 55866
60240 24165
40235 35457
47330 5657
52966 18255
26956 13627
15866 58233
42726 48158
23998 48631
52766 19678
57500 49572
58533 62600
52745 50021
55300 45633
47816 32791
54496 61847
25148 51227
22503 1874
23175 6324
46903 52005
442 49722
41495 16308
44446 20712
957 4935
45207 29587
476 39198
15650 34873
38289 4887
60757 5944
26383 45065
38734 17370
43403 39745
5088 41769
17483 4127
48092 40249
56131 48533
26462 9981
40704 46772
30693 17525
51706 12391
22975 28046
51588 14488
62918 2232
19374 60166
8175 21620
17586 22772
14853 36852
38380 59313
15112 55862
63439 63203
8466 31925
24092 10792
41905 40659
57563 9089
34047 21624
60851 57021
49669 48930
8001 24942
27025 3238
60972 35199
722 15049
33834 15574
51901 8706
11378 42876
40431 11308
42571 48897
19096 42526
59688 61001
59048 53742
45953 5451
11857 43296
62471 37390
4581 46335
38195 31606
25437 35658
42668 26158
50707 12994
17595 14963
21699 28973
57838 62129
16144 12764
47517 35240
31153 19560
8596 26693
9793 30412
32143 61022
49571 6969
10767 30016
29168 48961
61621 30468
21111 16644
32489 47681
29637 50083
62643 27199
54919 56972
25820 7555
45600 49200
18658 13244
44624 3117
15800 30280
9392 23806
3657 58963
30775 14423
25470 35806
39248 62954
42137 60358
16089 11117
20394 21590
37063 19528
24652 28474
52363 26335
11892 34454
51399 6413
23562 32514
48901 39361
62793 58292
63167 2942
29610 6297
56736 55079
42102 32475
30388 60102
5188 22341
7710 25581
19794 20636
20972 44445
24973 9827
7272 36864
20144 58670
19140 43705
27675 4532
19558 2823
38688 58588
45136 4789
1376 38364
35732 19341
46702 41983
15934 51890
815 23643
53334 59980
20142 10798
40917 45115
59996 24052
57842 56003
58585 13474
12064 62123
57377 7485
1437 8420
2564 46573
52581 3939
60800 24804
23279 43993
42650 39212
8238 19329
38718 37436
15800 58859
24097 32580
40465 59956
56631 10663
52450 51707
24136 1005
50321 57376
8489 27622
2288 50424
50058 54868
54362 47349
55535 53504
3697 34676
5071 11935
54004 19652
49370 45668
15003 49330
14739 31331
45777 47234
41993 34718
11296 41992
11587 37481
35860 59447
1594 14011
46363 51651
5370 13080
11355 36768
42448 15051
7935 47518
2849 37803
3662 28082
19962 58036
13903 10564
1722 59679
33661 19579
6753 44957
37434 18339
18929 49157
53649 59894
63167 12367
48036 44400
1311 35254
17659 43758
50304 1458
3631 53153
15124 46664
17726 10949
17055 31629
21512 58149
3663 31037
14219 10415
12485 27516
4617 7277
13165 58266
3662 52195
46496 27561
8951 47806
62814 26609
3919 25473
3930 7550
54489 19053
30077 8707
5865 47132
16199 3241
41772 19861
34277 31854
6140 22625
59369 10756
29901 48397
44885 9426
12948 27873
12850 21898
51542 51527
24370 55461
13491 28300
63010 4472
23216 29578
52550 29081
52573 44612
32321 6700
40336 42461
38553 46475
1577 10278
33095 31477
34538 53843
16766 47485
57579 29615
5874 45613
57005 30244
37565 6987
34407 12930
50830 33486
18371 15735
62566 7436
60346 7242
14135 37174
49702 28552
20140 51278
14693 29098
58618 49230
19433 51247
33207 13503
56725 14944
34979 50221
45187 9035
33072 55457
61336 59765
25435 55571
11992 356
38870 8829
7598 28868
21866 33163
57419 42006
60305 8603
46967 55414
57833 2891
19017 3395
55766 12233
18338 27236
62454 39389
12135 32017
31337 49334
4137 32635
41396 16128
32991 16757
821 40588
45625 22686
49614 39535
40555 46410
24002 24014
14180 57698
2768 33196
61092 34397
45428 55293
61633 20237
31173 49631
28117 38374
35456 32254
7500 13344
48381 40490
5964 49201
56941 51588
8379 43047
3479 24797
1812 3344
48810 15991
61041 51578
49186 34488
22466 6970
2136 59962
3070 9173
21948 31187
47546 57404
63440 30909
46611 24176
47263 28438
49241 16559
16518 33483
59605 59368
58279 37281
62711 19445
53271 36107
7514 14813
7086 5843
61154 48593
41669 715
57765 108
31901 17666
33375 7696
48575 55849
7736 8193
20779 56976
24751 13160
2814 60220
9019 61092
33992 47593
17028 63126
20191 405
14430 3140
45620 51447
27596 23780
52162 21853
63259 59926
39518 33126
4114 448
25466 51221
8640 22108
44688 33391
35267 47501
30102 20149
20948 39957
43605 13840
39574 39659
14244 29868
18662 35727
17806 46258
59506 45831
4602 35121
42249 19983
4738 22226
59803 6067
9938 4934
4039 30489
14188 15169
53853 20153
35318 11292
60109 54786
995 36175
30937 54611
41906 49598
26829 59711
32347 62199
42034 12812
33811 60146
8659 38548
18863 4953
20478 4664
9886 24516
35152 63446
39685 25496
20090 50866
12651 16691
42143 13646
28729 48943
4748 7126
10897 31576
42700 43243
30266 60597
31919 568
57234 40577
14979 51960
45529 11321
32487 31278
35836 4130
31215 51384
5489 27169
14605 18140
43859 32612
7649 48451
18046 12396
31440 28942
19835 50003
48049 25965
47092 55831
2396 16681
32899 17375
5133 54291
4559 37619
22060 16258
17613 29139
4134 23101
56307 18738
17104 12521
27213 24752
36835 45259
13011 4766
50064 32846
54768 10468
58810 38351
2790 61205
30896 11552
54443 11892
2334 34865
49510 258
51123 42986
5260 55256
41951 61566
49857 59054
49950 13562
20298 23276
34684 33308
28041 60611
42017 58672
7571 37318
9379 49732
10879 40274
61284 41185
52165 39481
12542 14030
39738 156
57016 44997
31275 35458
18918 56995
6867 5359
46420 27164
28634 56967
36336 32538
54070 14844
27702 37504
28026 37080
23727 14768
53217 60874
31816 41873
36847 44357
55902 52448
20376 25273
9801 27514
60730 28718
60373 4089
9941 43284
7116 14438
12607 19315
22840 42540
34159 50541
16535 38048
63484 16125
52815 53192
13491 60494
31556 26201
17207 63321
15140 13446
25086 24940
40960 61679
29522 13688
41631 39462
32835 48747
29763 45441
4553 52602
24472 14575
39634 16870
28486 15473
32995 57164
5156 22349
54150 12575
24413 7848
12388 39552
21293 13337
40356 38116
11507 6369
51803 29002
21694 21130
14240 51456
3062 58164
40550 3398
48603 56047
20267 13580
47384 29125
7236 28403
27337 37249
40978 51749
45096 29229
3657 2880
18429 44012
16860 29935
50380 5154
58936 8565
26283 49039
35884 5209
19559 12925
8606 44025
44836 4736
57604 28711
9725 40703
57113 37061
53815 10446
1166 35402
15538 4822
14146 33966
48833 31005
39765 11568
12022 35192
20132 38305
60095 56015
19377 55517
44804 3846
36033 26131
8581 5992
30705 57677
22559 173
31230 12865
10619 8259
24131 26156
13080 38276
60122 37776
45144 36378
49343 57165
47433 45338
7825 19883
37844 27201
11891 58511
6910 23787
60505 15491
5643 27701
49031 28201
3738 16752
16929 14356
25010 41059
16375 13953
55198 52360
51728 36833
1093 13426
6354 48526
58763 14178
44272 8963
17243 32027
3965 24152
55813 40334
15506 37319
43898 1029
2011 47635
57152 18940
37854 58026
35862 54229
8470 27552
18944 36062
876 20037
25351 7229
5054 20606
60779 25189
5432 14513
57215 48768
14528 25384
25593 30034
62702 5983
6926 40577
29481 569
35380 3827
34458 7733
33919 42928
11148 52862
54853 51396
9390 16695
34488 53815
13164 31758
54868 18595
22134 48574
3855 36662
49821 5311
42559 49015
50665 49484
1947 16638
25916 37326
59836 60374
20922 6110
15657 32070
58971 46373
19957 44225
63067 54444
10395 52095
22694 1754
46553 20691
26192 26271
57352 12504
31582 12266
37382 58110
37613 39328
11239 21
13145 46938
36258 34067
53047 27778
2628 24374
10642 61956
44462 49572
52891 54856
14022 51448
32474 60575
8631 58665
23337 41846
7660 30782
54112 45042
25384 28216
20861 36622
4100 9870
59424 16221
43936 48962
43998 22427
49199 30503
20874 30152
16567 49628
21500 30588
37568 53973
3518 46198
49129 26855
399 32652
57636 54510
53557 19511
58590 50282
31997 62689
60151 27912
54774 40578
52737 35263
38868 38428
41630 35605
5071 58196
21724 2434
1139 59291
32270 4657
17844 57262
7375 18243
26406 1502
48616 16454
60385 43697
3227 28873
18742 39241
32648 10007
55682 61248
21133 31041
12031 62762
3137 56474
33313 24861
58907 10316
60015 27669
54344 14351
21422 61718
8457 23691
63219 32936
16009 35959
13125 58607
40695 7730
34340 49206
57108 26513
46946 14732
57554 58976
53358 36554
51941 62534
37278 23204
9341 33785
50872 176
23999 48157
37757 8319
47712 13332
41254 212
49290 30242
58818 26477
37971 29649
12174 7434
56162 34983
61538 26071
30451 27251
38488 58255
26276 12258
17950 11481
21906 44685
51028 21768
5198 25277
5950 52909
38608 47203
53120 24389
53309 24293
26729 3635
53942 38903
11069 22459
49749 9098
24393 16691
36348 62880
50810 38487
51001 44623
49967 48770
1664 37487
46401 6861
38627 52350
35633 13726
11909 1108
13978 1709
25400 40707
5343 15833
55473 55783
14155 41713
40744 14411
34268 52955
53155 21569
27934 40647
42055 53764
1773 43718
3606 48173
26442 42232
12879 62074
55957 24787
39045 6427
26495 937
22997 7701
56141 14961
63484 46160
56673 40719
60570 3296
30166 50216
24864 58099
27355 42783
24218 4991
22992 27824
29027 25298
6547 41905
63235 62504
3183 38772
44794 29677
39708 4282
37378 8204
19242 37353
54363 51778
53935 51425
55074 20592
38132 55801
54554 41350
35075 15264
46340 33931
43087 51231
59228 25497
29627 58954
356 32810
34217 45149
38350 49788
25294 51591
57992 20399
1299 24710
48041 55234
12626 39606
51689 50758
7762 42735
4463 42837
33862 26667
52631 52812
14389 48350
14800 44015
19659 54528
52688 29740
36168 27530
16019 37326
54984 49874
57724 56283
50448 42256
23872 63073
57725 12052
26186 1979
30650 30649
20679 1003
57315 9801
29678 47567
34014 20342
3937 53672
11361 56625
19903 23392
60018 11786
60717 51493
37523 54933
20131 24462
9544 44002
24027 3761
56054 26076
45111 23195
56724 2281
62 26394
51453 5603
10452 21958
25944 14389
12121 37304
46877 32024
36560 43386
19673 33768
7234 57195
1056 27365
18149 49972
47230 42175
53732 39775
4742 11198
38834 37330
13478 14759
39587 1422
20361 25903
23379 46305
16155 11363
59472 63031
19250 32523
18772 38922
42155 1869
32609 19074
5097 50757
5537 52327
5287 35132
4457 49400
46329 43290
62593 35670
58048 38672
37091 14901
1066 36333
37069 17220
23560 33032
56114 42809
41419 50749
18223 20065
52617 50831
15002 57714
13943 20539
22396 19229
31534 26852
44492 14355
6634 43577
25888 40545
18740 62979
31309 59177
11667 4869
52260 35226
13765 20729
14527 55183
7969 32749
51111 60585
59443 2604
30654 9877
62514 53049
4969 30540
16393 49460
20758 62398
5392 46645
15298 24131
21979 46607
59171 9510
51475 23786
20599 41103
44514 35125
32777 52482
43737 59751
49559 15535
62355 56076
1275 37224
45617 6243
4255 37873
31567 876
12626 36958
23385 27923
36953 45363
11021 32615
30736 38360
56401 51335
15954 37406
62323 24595
26380 18416
20837 51802
33950 19683
44369 35225
32771 2341
17331 37025
40213 48897
13765 52838
22347 37149
17253 59299
58375 4137
4269 25603
18360 60669
13429 34314
10431 12243
58908 12674
30658 16236
40339 40472
11783 60571
12188 44553
62912 29518
57441 15480
54279 47069
44182 13117
20709 37298
48279 54948
41434 52547
17042 59794
25572 6334
6463 11866
18576 41234
24539 25098
33333 1369
2061 45115
37803 53620
2023 37206
59001 35328
52686 49771
18888 33359
38751 15461
46520 62893
6900 24445
51932 63313
60102 53367
6138 42428
1724 577
20153 2126
25674 53486
42866 3598
10956 17160
33081 52351
54366 28574
24170 19407
54208 18921
28629 5315
34381 11640
4699 17144
11948 32494
16948 8542
22352 23085
50969 63447
23662 46986
2064 25199
36963 44929
4661 23782
62089 37741
12624 52946
42178 12657
48216 8742
31578 13336
14056 41822
24975 58126
58966 12786
27112 12405
60699 25327
11354 24024
25266 10879
7501 3193
11941 20327
48122 16601
44108 46702
54342 56732
12003 33011
5880 60218
41752 13321
10045 31671
55143 10883
26289 50600
63040 29264
38868 60231
30454 26085
20746 31583
36963 28246
34776 48904
48572 19389
41368 5035
41954 32201
37630 53956
41076 43510
50665 19319
32694 36573
26854 24328
23319 53142
50791 22850
58269 2015
19572 25214
28099 40317
32661 40926
44426 3928
2185 5353
62688 43552
10388 41133
51617 48017
31580 29184
3882 58108
48502 36576
31172 51219
36767 30354
40852 24050
53203 11476
26064 48639
12554 30026
1311 45214
46815 45737
49141 48999
51089 24184
4907 61476
1808 56523
21849 33387
22198 25730
27986 46563
62305 35021
34274 35564
1866 50989
35477 30932
38329 37404
55434 50882
43293 56745
32587 26600
14837 57591
12090 41789
18266 56368
15621 20073
49382 37469
29323 47443
63198 33172
6362 37859
44056 16499
49286 45921
3979 60626
52716 42307
34521 20506
5544 14305
13742 13994
40904 4442
8076 28858
46230 2205
61089 61850
61649 46963
11674 3327
6761 11364
36498 13122
25086 17045
5484 10863
38829 48835
7980 3901
27633 18364
24406 9041
8532 14011
23034 49436
18452 6974
54157 1173
9178 51737
38887 46691
11055 50560
50017 57188
37787 62379
46173 62872
55287 51657
49598 30608
36983 57577
10372 40479
51804 34777
49519 60336
48787 9045
22127 43102
55390 12775
20138 1059
40375 59024
23613 27294
46076 49494
20973 59726
48364 3637
59090 40142
31157 45179
46613 4631
15112 56984
45110 3407
4116 6984
234 28766
55400 22360
8359 47281
10998 4361
24204 27237
63384 47816
30394 21815
33801 51366
18033 58028
30866 52986
10526 62023
34656 57138
42517 25631
26478 63490
29038 6457
6966 5135
35223 62365
3359 19445
22002 53728
23805 46205
56828 63053
6376 23713
21359 40177
50942 15255
10560 57672
4732 21085
32050 15252
54087 11058
40882 17056
11040 45783
23512 57377
50918 34598
32097 30140
54043 54098
20359 53711
12658 13679
53255 19034
37391 50478
35074 689
41596 45633
58360 22192
3210 26901
37443 33160
37958 14816
50215 24861
36463 49590
58101 23872
20680 26690
54011 50586
56651 50233
16652 5801
403 45771
24834 13658
8604 59907
53718 50199
17895 48569
8882 60476
11961 22188
30127 25782
37004 16833
26507 49330
42287 60471
9693 38830
23652 39567
25907 56167
26291 18422
37831 2558
684 62664
55587 9287
34926 45796
35350 52820
6720 20095
49788 58052
42283 16406
59697 55150
9103 22695
40971 51389
19658 50663
26710 19173
2585 28480
51203 4739
22765 25525
46668 23449
544 38746
8599 11333
60405 19812
40017 42988
39907 26296
37531 18681
18565 33720
10322 3531
32278 27156
30783 27799
14310 33356
22836 56266
37699 10530
61004 60464
11919 44164
20404 12462
58773 4866
63167 31534
24678 39675
11013 40448
41834 48544
34992 60398
58127 45313
39793 26896
8960 7067
30559 62641
16287 53394
31262 53985
39787 28757
50940 51705
48784 7835
40031 44049
52073 39689
12074 52614
15855 23086
5417 57688
47493 40408
30441 42111
61584 46097
5499 46407
53164 11921
45539 5942
1806 13292
59926 41592
17912 23222
5653 3188
6920 21547
23100 58992
61235 35173
23961 52953
34122 29377
22996 18107
6276 29300
60217 4351
11889 41579
50757 40916
53499 8651
22721 31168
61314 58510
48624 15718
18223 54276
58277 25143
12314 17868
20626 49412
28904 20451
14720 63025
49827 37715
56995 56103
42878 29568
36317 54766
7638 23566
32173 37001
8080 54893
44032 5886
49895 29147
60975 4609
19914 31607
5615 8091
49474 2105
57502 54241
22555 8713
53757 8873
22291 23108
40839 1661
52675 13648
32290 36176
13077 955
49040 60528
31711 29564
2905 57469
58710 39743
37942 54488
7841 43556
62578 33178
45660 32436
23910 4706
41148 53531
52951 39303
13130 30281
16827 41668
19792 49116
14335 8732
50070 63375
5752 57645
29430 48028
51605 495
24263 26038
54982 7967
6086 29916
41145 27609
62351 40918
32315 15854
6804 21757
55156 19933
27901 8474
61600 23557
33454 51799
8152 59387
27529 53275
53523 56958
37795 41620
33316 37921
43521 654
45887 49606
30569 62895
13707 29411
40305 21885
45264 47108
19505 12776
42905 23269
60621 16860
46825 30566
5150 30841
26445 32678
20607 55831
1991 58401
33942 11171
32813 13955
11824 54564
39424 42392
53950 28994
47666 6610
26742 5285
53718 46246
57432 8978
6007 54545
25837 28695
60974 6851
59535 63282
15392 16634
55605 56755
50898 1902
4417 59575
55228 55612
50630 7008
10359 16935
36001 58024
23545 62743
39172 53126
21344 33096
62103 27350
63504 295
31909 60969
7145 27935
36607 61909
20432 28703
55155 7822
6468 35435
3888 61696
27538 54517
5195 37896
7943 17059
32411 7351
16293 8074
60476 13501
17033 59070
40850 17028
35229 9250
14489 18237
13049 51095
16637 33480
55661 8283
41301 62128
43717 45188
36179 47118
12060 41373
21505 20003
58432 29779
3217 50588
37853 185
580 30749
35118 17294
47777 6838
2407 38129
25075 15455
25715 41711
48935 57239
25858 26727
31722 45438
47779 4393
29048 59838
45765 50552
55704 16552
16823 58921
43004 30539
34969 19447
61287 6578
36740 21419
52788 39147
59547 53726
30465 61125
7792 15891
54855 33649
18482 23069
54951 42124
27461 20490
38453 49089
46905 6513
41505 39591
41297 21000
45993 12757
16310 19636
58706 53050
41054 47985
4552 37093
14066 10880
34709 21858
2635 1920
31370 21116
852 22812
39103 4176
19165 53419
53264 41934
59931 7124
18016 13583
3987 39873
26339 20297
59508 60909
49210 37053
21249 29625
50009 35315
40504 60582
57172 43138
62501 25033
40117 63352
23709 15711
4019 42873
5622 33146
21298 41416
40270 15178
54999 20120
30914 57201
40416 26913
54601 1981
39829 12342
31605 26330
23520 47973
23403 17183
27602 61767
18079 4211
61610 41787
59293 41492
60524 40778
11129 57685
18686 27262
48726 49548
23246 16131
43240 153
18907 34333
41506 58736
22538 9602
60929 46057
33438 60195
39103 61040
58453 33045
41114 32418
11324 36898
10401 47711
14168 60901
41887 8717
519 2969
58264 23764
19099 37995
63288 38006
48191 41285
9097 46592
26751 6517
5004 60188
42575 19970
33583 37519
53015 11188
6428 40202
23950 56200
24404 13981
53592 42154
22697 54110
45122 56824
53737 713
7174 53517
14582 31229
31293 63050
14312 33907
6058 58688
6451 48632
15149 40033
62014 44027
51221 44305
20720 51034
36996 45123
40878 2943
63141 39438
32917 44754
32753 23145
21330 39926
13153 11775
47018 20310
11316 37194
30080 56745
32373 36530
17732 23385
13055 16237
3904 40139
36405 24623
27664 49264
45610 5033
52207 45242
44470 60987
2351 53086
20623 63053
5367 9640
11319 52385
5813 62007
26070 35892
55243 34306
8914 48839
57690 61340
40939 61593
37970 13836
62080 41497
63099 44181
22393 27661
1778 42726
1003 4128
8167 60998
43044 13533
7129 30227
41781 52313
28725 43714
560 59831
14511 48845
21025 48065
46676 61964
46149 60509
12291 44720
14361 51253
1256 12617
54778 3033
55342 55780
46533 63508
53269 26068
52905 36261
56294 31177
25065 60882
11383 1489
33069 1757
50333 54093
49821 9365
52548 8326
6365 40702
53045 60098
4311 54301
9206 59088
57333 1040
27223 16221
40411 16984
42289 29807
53244 10938
36848 54173
47684 24094
55661 56616
25850 18349
47200 51535
27713 12104
59860 9942
28669 49396
6531 32979
16052 15736
4422 49249
16775 31645
1961 33050
24492 20113
38720 53599
6915 12059
44263 54598
12016 12279
47705 37866
6492 7260
1756 34204
58735 61615
44145 23896
23366 26539
56874 39418
42275 37160
1022 34913
5296 2982
4454 29787
62467 43174
19877 5873
31096 40004
60470 43112
28146 20530
56841 10501
3653 58596
44705 62388
32566 1205
22775 55931
3608 55512
7704 45882
5027 8725
17286 10322
51079 61112
15972 50037
16641 11713
55909 47736
27580 28734
3203 31589
25127 60043
42090 28779
30994 62658
3522 51
39726 2160
31846 43333
57672 39549
25706 62698
24138 18856
48884 11708
55831 40719
37608 8963
28295 5872
32562 55874
10469 35765
63327 35595
8163 41908
40237 15021
16921 19623
54443 56646
21782 22780
12335 15945
38193 13904
54507 38194
32759 15746
25765 945
56464 63372
9907 21251
5735 42469
52988 55575
54097 52806
3525 38123
7069 43761
53143 23989
39247 19942
56499 61029
42721 5325
13465 56777
19228 43835
31462 27851
35444 33090
28795 28400
32953 14566
25514 14551
57034 54365
6617 23486
43663 10141
61608 26595
29766 27107
50584 5504
47048 43574
3024 2124
24762 55861
34765 43989
12051 42090
8331 47495
11672 12990
51758 44624
27555 13763
59175 60452
4619 41655
20429 24145
27660 57900
50740 57425
21498 13679
38792 5037
33116 17680
7161 57877
49404 17789
14221 61454
59878 22552
45440 8041
11405 9553
52665 38959
23315 24195
35902 3798
41713 32194
27942 5864
26585 54545
63288 23947
4715 14436
4847 37830
32115 51379
8062 18010
5659 22283
55327 2029
20698 13123
10069 32102
22675 62733
46924 21854
62791 58689
25651 40996
27374 29456
46859 29822
20493 22503
29632 1071
12802 34479
14765 44916
22349 22826
38789 28008
45108 30607
30036 2297
43729 15968
10262 2896
15193 57185
24749 53847
52365 26263
31334 55602
55718 54057
21916 52074
13051 27411
29009 25852
61889 43773
46631 20730
3090 21911
24601 24062
28381 30500
26358 47974
46467 36620
26733 37523
30296 27345
27862 58525
53607 35059
50618 21680
25607 48397
49618 14521
12300 15118
16236 50052
58890 62866
46645 37843
60640 7737
61904 1377
38236 618
49350 60567
37237 12574
34581 43396
39918 38306
14276 5880
9857 1386
27559 35463
25646 13668
25848 13809
4649 42083
353 30
41441 46997
37873 14436
54734 12132
15812 5325
12749 1653
2383 25849
53598 12828
45109 5871
51133 59384
11750 36853
36633 15173
8808 62279
28840 10519
12579 33489
52601 12931
9382 6397
35792 23118
20833 27017
35250 12508
8205 23862
53533 49960
49711 43622
38651 31311
49493 26275
3050 37106
63128 39683
52278 47799
38453 56982
58317 26895
2826 47409
15690 12207
29670 51481
11189 50502
54361 46438
63009 62565
46163 28897
24880 32365
9011 22
39539 34367
26297 18453
47336 1780
58135 36106
25442 8943
5443 59622
35837 8268
19386 51526
59846 49055
15362 7526
36048 6214
29827 11413
5271 12482
16173 6014
20710 1047
6036 36113
35413 8196
54565 58613
49347 49191
7074 11280
33997 12516
7393 6325
60155 26778
33715 56492
12325 49076
510 24236
55290 6200
11512 36424
18681 27685
42437 15255
28731 24336
51367 40008
32531 18287
10976 18369
43341 18049
5512 13829
30564 52276
59525 3074
15546 29731
59565 3734
54671 35938
3833 22316
42138 54717
34603 60818
18893 52903
12564 23487
13731 39794
39358 22125
58080 50333
16358 13776
4873 21869
27604 11300
10637 23621
14373 2046
29215 49802
45151 59749
22231 48983
18556 860
40191 29022
37542 34947
18417 25969
34298 32147
2255 10147
30135 36198
36344 46492
49974 41216
4853 53441
28380 54861
52925 18616
56906 58004
4909 14412
54244 27140
63394 48664
3863 15941
14177 41404
26751 32593
3865 61048
40603 45491
47059 7230
57552 19894
29585 19881
36973 34437
9814 1844
1653 38602
59832 34422
33097 1232
48833 23833
4235 24583
8988 8098
40523 62536
49501 43137
31621 29229
40677 48087
11211 91
55316 44627
19984 21393
999 32820
31693 50184
34664 9210
25278 30987
43631 34238
8082 28956
58070 12317
53538 42921
20414 6416
41949 45778
49552 49433
11499 2584
34011 62081
2674 1683
43199 62029
62447 44198
31341 30631
6737 41868
15704 7878
48718 59335
42116 56799
646 12541
44979 30047
55462 1884
36462 9766
47662 61877
59198 35024
40325 5564
33596 18862
7246 13287
56755 6184
33348 24587
12679 40084
42318 28382
47962 3391
72 2433
36053 717
14973 17524
30763 46298
58779 43088
56063 18796
17321 27616
53819 33509
33180 23907
52370 16289
13057 45616
61845 46404
46066 50387
22979 24875
54632 46804
4129 54704
49236 40182
31284 701
57705 37911
46998 52975
56862 15417
47635 10674
43032 37945
20046 52075
61851 8908
44228 11399
30387 42564
33666 12945
5306 32509
13683 59937
15804 17812
26996 40904
57993 34144
41604 28053
8546 957
56891 1899
55745 41017
51945 11133
54826 8482
63207 53168
56761 19790
40431 23640
38217 49960
36584 43522
18960 26130
15815 10628
19805 42810
51531 53661
13445 5490
18205 61362
45818 50960
63261 38055
4332 27561
49187 59157
36042 24749
24681 5159
44539 1603
28798 19247
27426 41245
62769 46386
3866 15075
57013 23671
33748 45035
13823 23057
50524 7892
20910 32833
58851 60034
46751 63182
63458 32429
58831 11856
57178 20003
17014 38208
60977 45811
33318 758
23547 32578
47143 3276
23516 16511
26946 33128
37409 16633
32048 24424
24524 28821
33121 59238
25347 55735
34775 1160
24656 5961
13015 57697
1827 30028
8260 38667
51702 41577
39425 11740
50019 23059
15016 10026
15434 17825
19017 52842
34457 51064
53130 34844
16377 62114
6437 17587
54340 41212
18746 15487
47172 7625
49047 24863
37652 57306
21 25846
35375 39445
13449 21885
38368 4328
7774 53801
22153 2655
18998 32473
53718 8619
43181 45958
7224 49617
39408 61564
3184 58154
52914 26220
41642 14317
51082 15785
8114 51102
17494 19352
2903 6807
41236 41270
11134 24874
7426 9150
27528 26423
17487 57109
10906 60667
15423 18129
22639 54830
55556 25823
25339 20826
52042 3472
35142 39615
58629 43255
3072 12614
62607 5974
19420 16198
23107 6418
16935 6396
15567 20326
8683 33053
13927 19588
30211 29349
13580 52850
20670 45000
54536 21873
2317 43069
25344 37458
58547 20464
56576 37482
33078 31538
19320 28361
23600 42426
34778 40534
24686 50345
60860 33368
59261 50650
28819 25964
55862 18262
54677 52395
63261 21568
10759 2069
40500 36103
15390 11402
56566 47830
48883 1999
55231 4694
6224 15322
22984 16865
31720 47669
3701 4935
56900 38826
55584 61582
40653 47937
16335 7685
36823 16088
29252 47582
57528 6243
59548 9410
17644 28469
33103 3018
6332 24825
47084 12555
40147 6559
29419 47730
30091 8984
52664 62854
47809 44739
60927 24953
5031 53125
32637 41853
5704 61888
1790 63232
43994 37201
48505 61637
2162 18099
40518 8493
42923 63465
21047 58933
6515 26329
43154 12469
35312 8173
11814 58984
52911 48604
20428 33805
38221 28928
51522 43924
3171 53311
19511 47164
2868 4507
21156 5029
61977 37538
52893 17256
37494 10431
52052 44009
12623 7562
32341 47935
15734 44155
19274 44509
29250 39702
14805 3962
44493 2818
23750 47664
31993 43260
31319 34860
23631 28339
15752 61471
2368 5136
15218 39861
54938 3762
59733 4052
50695 28566
27850 2920
48584 47124
47428 53697
23317 62233
57659 43673
40914 17900
27828 9398
37023 35011
20121 36517
63349 35872
34480 41580
41007 49697
17932 32436
29322 53529
36488 16508
57958 829
58800 43033
23816 42719
33221 22996
17307 3235
3161 58221
60506 30988
4110 34021
2490 24231
7029 41702
35966 41508
19773 13465
3561 13569
21764 8746
3589 34115
1118 61546
10808 59917
41070 34623
39127 50154
57619 56434
53389 60779
27010 50386
28258 31119
60270 6612
31213 3791
48313 3671
21162 4578
56507 24722
57518 14762
9332 61106
48877 10449
59143 59684
6857 12568
6662 21847
38585 772
54144 28465
61550 17645
54715 2164
24628 51476
8775 31704
55266 32951
11238 52292
13392 4236
52877 7401
58370 62208
4998 19602
9148 40004
15777 55376
28435 22438
13715 3512
62582 4350
31976 60623
61367 23182
62786 22486
50522 47424
54189 42279
16867 41291
6926 6122
45526 59803
13523 16251
58502 57892
35852 43514
34388 27492
35381 62822
25794 24959
2825 24867
5173 10665
61353 3031
9710 36495
1380 60231
20410 31432
14866 13140
9214 21791
19262 54740
18085 8648
7482 52451
3031 19198
32456 37418
46689 43700
12596 8974
44523 15420
33840 49695
1948 7549
28589 11658
44043 29968
47752 944
37263 62617
53456 46477
60272 48581
13572 14848
57228 60425
43162 60258
16114 12109
10032 62803
31673 22627
47640 12687
13910 57344
38245 15858
1384 42697
3379 45426
9156 26994
22233 22282
1967 12180
5250 62238
36624 18821
52949 30343
55110 32603
2957 7715
20575 12988
46381 28111
11478 30513
16661 25387
212 54905
17108 1595
34093 20486
47020 19112
23344 45116
41394 25310
33160 22507
24039 6275
41328 13479
12482 32929
21945 15438
16507 42520
4289 62888
46494 15766
5756 63155
41152 5967
54551 58260
46933 1000
54609 6308
59483 14444
51423 37368
15617 21074
59875 39655
27349 13558
28998 39830
22350 50942
31131 38856
5817 35419
14099 28175
51184 59226
27821 4691
41056 18863
38814 24480
59234 29915
30787 55209
20222 58074
4932 35839
15639 40670
51357 18851
54227 16846
34544 13068
43652 2166
27788 25332
37584 17750
53506 25259
52840 57190
5814 30387
51917 44627
30731 47642
50405 37381
15206 7119
31946 20138
18821 23449
60807 6669
18163 51526
62887 52707
40457 18894
54872 44108
20089 28948
37722 49459
30070 27053
43140 35883
33303 31548
56374 39897
15682 43270
13770 30887
50388 21579
26888 45072
20891 24187
27605 39054
51576 26983
28252 4388
21740 58987
24360 17692
290 62081
3642 30360
1489 46782
42106 34791
54193 10835
50552 6366
54105 40185
13117 16848
61763 15868
61920 58518
40054 26016
9927 3985
28862 14042
8373 26465
9520 32732
44156 9810
7168 47798
16033 8656
6935 34002
19310 61127
44837 6353
43357 35433
46537 32337
52280 20656
48204 26555
15665 614
28434 25591
4598 33159
15496 12970
59623 25015
21565 40271
10688 28732
424 26720
13251 46730
36586 32561
44348 17914
38913 60
29210 21942
32396 57353
42597 56464
20400 34125
57077 48833
35579 61674
57856 51074
50508 53970
51952 47936
6596 62640
13160 46391
1715 2274
29612 38300
34834 10452
32077 10239
49883 61286
8044 18771
55131 26504
11726 51394
36492 44666
12582 47934
18695 6929
35499 5694
36763 63314
53630 43358
62445 42653
26241 40024
20790 31716
14815 55624
18031 46892
41726 4406
20533 25633
62548 51527
52136 50137
39412 983
31294 27858
48916 49988
10650 60278
31546 47412
60083 61039
27262 34884
16047 29366
11399 36836
61081 2077
28951 15604
48968 7168
20009 45365
32800 58420
33383 60799
45048 48659
37645 12833
52380 23052
38684 63029
19821 6721
46933 55768
4251 50058
27143 20297
15915 38541
57133 52859
40617 22575
4954 1941
5607 826
23169 14270
59245 32415
50933 16648
17565 25069
29480 6436
23985 44028
5957 43805
50748 28753
11928 30863
15302 39070
51159 31216
53474 20647
20566 6447
43222 1384
47759 24692
41581 7419
14825 13182
39833 41621
29829 33262
3182 35173
15561 27166
15692 60889
46834 42303
26133 58762
9657 41434
10187 60816
48513 153
17954 44943
45971 37039
46326 30221
37594 262
13503 28283
52815 29199
6395 19136
62460 9576
30172 53885
12605 21727
51265 35303
521 13890
6420 49550
31187 16606
22721 16192
56130 40674
61134 38592
53577 19815
44676 3526
20076 58178
31808 9383
63241 38203
4382 38056
23642 10417
28432 12111
32143 16189
47413 8527
5942 29696
58076 12992
46301 17288
29183 14787
33826 2672
29242 63266
22486 10410
3283 18426
44451 10955
3672 44183
49157 47425
58103 48662
57841 23026
60772 2339
15078 20540
10865 60391
50235 44805
9875 8892
62092 39057
23678 8273
41729 52919
8030 40078
39192 50685
58503 20135
61639 62174
40181 23151
46090 34775
8304 16286
33665 44940
18624 48742
1971 29489
45625 28070
50157 31363
36961 24604
6911 36502
32877 24503
25912 16770
1073 1596
3946 35439
61102 41448
9969 13638
1090 31922
48413 48766
48208 57941
30197 3323
43174 8031
8675 1154
11964 58831
32516 48924
19927 15291
21917 28667
15657 23693
45436 56101
1152 49382
28032 62253
27321 13864
12382 4275
45785 36658
53040 30484
31090 59100
33807 50128
42994 18345
27145 54958
13668 59661
16237 9458
50815 14018
38124 2963
37710 20051
34928 38861
45296 62959
13469 48481
52686 25850
28619 34962
38372 57522
1938 45325
53113 11608
31944 8462
29952 59089
39283 19483
31105 55520
4804 18411
6029 18791
60745 43738
38842 32164
58462 60001
7478 8422
20837 60163
10135 49455
7481 48506
43468 9418
6187 8936
60397 13994
17398 26840
9574 56680
22187 16542
24555 2854
10816 30583
21645 47425
50184 36350
16080 45137
32842 62930
29422 29543
35448 39557
15489 42928
418 58957
28209 6604
43756 25097
20598 61153
27801 6035
30189 25851
22577 30607
28704 9256
61190 50348
56680 23729
23189 48624
44730 31895
23909 10643
61437 59356
50199 52789
14640 26481
24101 42848
33084 4349
43809 29545
41365 8101
35580 47417
33951 34020
14516 38518
43275 12197
25358 12311
11789 24410
60934 56518
56304 21334
43025 30096
56553 5579
19377 7684
32059 43477
26396 41007
47825 6696
7043 1546
54168 18486
48962 474
52505 63477
38991 8136
51537 840
59818 63326
1114 33107
56335 33281
54440 35851
63377 23348
41430 58617
6896 49352
38585 33291
26850 62274
15850 33893
311 6509
28242 49272
6982 17239
25105 45972
1238 13133
22676 61055
12950 63161
30653 45149
32933 60956
56863 8665
60167 34784
3773 3554
60000 18222
12708 23341
56359 4421
33097 32533
10929 61339
57668 57282
54441 19264
15610 31542
32397 14149
29088 45346
13801 35604
26986 46733
8915 20341
31262 44945
30988 10898
24363 27479
4983 37070
26684 61341
17355 35644
30365 28283
33474 389
61429 270
19652 13530
31811 52048
27678 36762
33886 41478
48229 36735
566 57143
57075 7691
14444 419
18589 38806
3761 23571
51739 6308
60776 5585
41952 3496
33868 11917
3884 7652
51559 23536
21181 19861
12075 24722
56623 21824
42063 41343
58559 42628
10842 27989
26183 25285
4271 44771
582 8032
44205 52320
14339 17336
33769 32154
20832 4128
19935 24715
51151 7985
24114 8823
27845 36189
33544 60331
33876 12098
14030 4790
30589 24871
8643 32635
26019 12913
13897 2464
60316 33966
30647 50519
51301 907
19164 47996
44406 39098
9203 32048
47082 33316
16734 50791
45368 50277
23477 15736
38238 37506
59897 44691
38240 5031
13817 750
17944 3578
42585 14751
13407 9724
41133 1199
50002 60297
49195 30900
11750 34261
38811 34696
43440 55545
21978 1164
18177 45454
16899 56415
58824 52659
13461 33555
57690 3141
10169 12125
6718 28617
2739 59496
14204 19736
36559 698
16524 22245
7461 28273
32369 46271
62968 12300
38307 60809
13463 56484
18619 6225
25254 53306
58884 38714
23352 28929
17718 9384
16917 300
38001 59027
59795 28068
15254 32845
28765 7641
30953 36225
11778 63321
18988 50609
51485 33158
47910 40811
26133 42392
22900 51386
32189 57647
2455 31404
23067 20173
40788 39983
20472 54652
11365 56130
19211 26619
25467 23840
34259 56419
35928 46036
32096 54915
33137 20072
429 56910
60882 26561
35793 20273
53811 43845
14411 32129
11740 13341
28165 28391
29187 24500
58906 40552
17122 14609
3662 42588
14312 13784
11362 50239
35684 43457
17510 5312
20 17938
38085 36766
20362 49741
32902 50036
30077 23177
18657 41816
36517 22685
46071 2196
47185 41468
18611 798
31940 22272
19249 46251
11919 30610
32982 47602
10559 26355
28777 49950
44292 3353
23207 40517
53093 31973
27045 59033
55149 45701
13205 4021
4877 59275
45588 27925
37234 690
28722 5666
62333 23834
51916 10744
30308 60761
58345 40866
23607 23614
3171 43762
2830 2242
20771 55923
34214 47815
51447 1718
5871 1143
5738 50119
36281 51326
14536 10007
27879 19121
15672 26704
18819 43451
13311 49126
16568 8147
2347 40174
7624 5517
20428 10454
7758 17062
42240 17835
1368 6042
19552 46610
46557 1154
33220 19329
52479 23619
29335 56221
18604 20870
19416 37422
40185 32726
23039 56752
16737 25385
9281 224
6765 5572
10677 53895
22633 52916
8221 63372
34822 3637
46473 17870
4790 55557
37198 33132
55039 42397
25844 10134
39130 21124
23419 55178
29713 22321
24285 22313
47705 33566
22537 30334
39137 9077
20720 37634
37857 4804
37497 9170
47812 59834
27039 28465
27746 40100
37460 19276
58360 39168
5274 9846
60291 28692
1515 2359
26877 25800
24672 11073
59365 23072
17270 10857
32148 13853
24354 6496
58029 61851
15665 42332
34040 18567
46661 61785
58667 20612
56924 29382
59779 38061
39227 32425
42617 40742
34784 5985
42405 35319
56429 14125
58390 10191
24981 2893
63415 49335
9389 57935
23541 25053
12623 33444
43620 59283
7584 14642
16386 40371
44023 52029
14924 59114
20945 33404
36347 31592
39388 54615
3402 8172
5231 37655
18362 6075
40548 57641
31273 25800
52067 30677
50852 1181
612 6827
36327 8195
60840 52713
48566 17219
17097 39353
12824 38041
9248 25034
6125 24499
16140 48898
32670 21370
62417 26896
3308 15320
21028 34581
41119 48958
1749 4326
50139 2361
11153 62329
49927 47856
51533 10848
1566 5121
26064 53761
19026 35311
15286 1014
35673 31425
49911 4835
28658 24683
31730 31966
40002 28621
3038 17612
14070 44158
21938 40072
22382 8954
38893 8801
56809 2781
19648 34239
47274 45712
24491 2791
56886 15641
3804 4915
47065 29578
9749 51587
54261 17342
59416 6618
21826 38317
24230 35895
18966 46167
12459 41348
30984 27215
26012 24284
29995 21523
34386 53132
43098 58877
55922 36476
11009 35589
41390 33937
41031 27002
61387 31783
20207 57294
14264 42032
32102 38493
14418 26932
60523 2740
44143 27998
5818 6646
28146 35813
28168 62531
25436 7758
57899 57222
20097 44771
5166 37350
54572 46196
843 52450
53842 60421
46236 4598
38944 54201
43090 29225
56996 15969
7829 37630
43966 13646
44275 8603
25322 8935
46998 26622
56064 17252
20335 12652
62023 25500
50001 28950
47560 26707
17891 37893
23619 39990
42490 62562
6547 61444
28278 34
13904 11970
13528 33733
25616 57802
18200 50937
42600 1689
14050 35155
18940 10248
47806 56826
11612 10162
22267 59171
36868 40158
9419 60486
56011 27773
35403 62557
25708 173
38455 15475
12142 51982
25071 13621
46275 43270
40422 1231
44958 54471
12249 39762
40583 35919
33079 52194
46080 31210
23720 19440
47231 33138
55789 39733
60910 27684
14646 23109
3720 53100
14447 55233
41573 39518
5346 203
19279 45767
1433 40101
12593 53054
55726 53175
25464 1160
17724 8035
32369 41443
3338 16091
11073 59127
31688 8474
62674 46333
7447 2885
11788 61265
58117 53360
37274 39326
29426 32417
60956 6723
48381 10041
59776 40598
39079 21731
41757 32667
29765 10618
10601 8967
2572 21673
43957 34259
6011 43122
56455 52829
46006 4734
50585 16478
33957 24351
31668 39247
32631 29115
45969 17503
15019 42236
58100 54098
458 36348
23256 6086
46965 9720
54424 25401
7257 34872
35523 13267
14485 28470
2587 36354
9067 53171
28696 18888
53385 60363
58134 22507
25969 40594
40009 40988
58693 34600
7441 35014
46812 6560
16963 6132
16279 7879
31532 23535
18614 3547
12665 33099
7880 15251
45316 56318
44286 10503
11697 34162
7357 45694
32533 33326
22779 48405
50177 57335
19497 57617
28840 42172
668 45803
48303 56318
29545 16327
16345 48158
59245 29009
57120 3616
20124 38928
59933 901
49430 47494
10926 56787
29679 19322
2468 28322
4219 52644
22148 63087
22616 50988
41750 62655
9146 26544
55464 38690
42870 47672
62711 38606
13173 56323
18085 9160
31742 53882
49432 17663
37867 36221
50313 4037
55543 28644
32358 59761
57151 54506
59339 16258
17849 37580
15404 2858
39987 46732
41547 19349
30895 40749
33818 19931
33563 27767
29090 41168
18140 15013
34695 31870
51234 21499
35906 43268
26007 44128
15384 19649
10989 11214
35907 4701
24657 27174
7558 1135
10397 24968
59855 17156
2208 6029
37086 11635
9659 2668
28666 27798
17680 63360
35531 44777
60723 7928
24536 23221
27919 39919
18733 38907
26996 54639
43607 27516
57677 27028
4515 43937
51995 40233
61092 30067
22125 34670
41701 31783
37337 46230
35444 30880
46082 7466
12149 43296
54766 36684
42380 19176
52467 61112
33947 55326
28107 53417
58706 22275
16937 63220
42075 44795
15808 39659
11353 13797
10820 53053
21443 24020
11639 32751
54899 57720
16080 3539
13371 7337
16087 31614
2377 44417
29217 12187
12098 33187
41467 7295
31325 34267
46378 9892
15554 38050
25414 26906
51846 36233
55823 9780
36116 3953
42530 3370
61672 58610
46281 50906
41810 38231
19011 20050
19139 24091
32236 31236
57278 10195
14395 25094
44461 36636
10849 60014
11177 36262
62784 63022
48358 55098
48666 20965
59050 3551
24335 33077
62160 46479
20474 16326
21201 15348
36375 40339
39438 44475
47438 9071
54669 37696
34165 11485
10824 20877
47363 22000
57139 46638
60886 41988
14091 46043
38817 9632
25457 39015
18572 24109
21985 14909
16298 43185
30256 52672
59387 45557
33638 19180
54628 662
56876 1148
51519 43563
22024 11237
41426 55026
33738 38803
33506 47828
60709 48186
33323 22658
23692 51894
22630 21540
3294 38927
40588 9413
3954 12330
54969 13456
31509 46088
14117 740
23099 41499
44302 45123
52735 61592
36640 62336
36886 46009
46655 9951
6550 55841
32608 6105
44226 31101
27644 23383
6519 44095
32795 10472
56424 120
23927 289
22071 13908
1028 45170
31270 21194
2648 20497
19277 15151
19324 32026
37024 41843
41976 43573
34175 50447
49678 54265
18039 53185
14139 24557
33772 22798
10893 26687
22917 10683
26975 20851
454 3867
2512 31724
25060 44531
28084 20200
59682 47407
28089 9061
1605 6557
52633 35780
57003 14666
26536 11534
4343 16538
11954 38114
15199 62218
40664 38115
48765 43503
34830 49218
47369 37341
56805 48292
57736 21380
4983 53909
44651 33071
38833 46255
15491 27957
57898 48358
42623 60297
59891 22829
13327 47708
36806 28525
22282 13961
42504 7538
57463 13825
32619 17187
27029 25916
1970 21256
23159 46324
51028 4301
55259 2216
26420 7241
30173 60181
31462 48659
56970 27844
47351 46160
51416 20648
11176 10189
10472 29543
57098 43799
19231 26208
60985 22124
27987 38819
19243 51146
21634 46135
31310 52756
48350 33593
35861 15014
30266 3814
39536 23727
7522 23378
6378 58937
19889 56925
44989 30361
22960 38578
10651 18054
40649 47499
40177 5128
22809 59420
32137 20307
42046 63446
9554 26887
9395 45414
17765 39660
49228 57300
63386 56749
56542 45627
28041 12922
39043 9521
19146 37866
23962 5660
31784 40474
53159 8452
21465 51831
4363 53601
8629 22272
29403 18183
49159 38797
88 3415
54320 25179
36578 54197
57791 5475
12179 22323
57769 27085
7707 13406
40815 7532
19066 9090
48006 48088
17541 45334
36410 61276
11291 45039
59411 16557
63221 45061
55353 39172
24339 46164
40215 36781
12716 34497
42255 758
56820 36515
27842 40390
25785 5148
47922 44850
14237 8283
29429 7642
53616 41702
44781 40770
23232 40683
57326 62316
61608 25034
13844 61810
47061 54058
35082 59776
25046 53201
60533 57729
2071 731
10475 27855
5878 34260
48568 59487
42542 53860
3620 8513
32054 24264
25147 31149
1438 18964
29957 38909
43998 43800
37211 27550
10213 48156
63190 11122
37848 60214
44715 15783
60944 55189
19501 42686
25940 4561
38664 44345
34284 42283
28721 42201
42410 53867
9842 43847
48695 39798
19248 29184
59461 32322
56733 6165
16969 56414
17286 30681
28984 62000
46463 2283
53680 2455
44968 55483
46387 59495
12183 56535
14133 40904
35227 56542
7126 45068
36881 55820
60729 31992
60867 56681
40177 54092
62845 57145
22861 55995
24317 27708
54486 7271
29991 20522
49098 50822
51868 7840
46809 543
866 60941
17310 11957
29839 299
57024 42583
56119 30109
11066 53477
23281 27106
19924 61990
20742 18649
54476 45059
46356 21317
28193 52210
17702 53154
39524 6062
36858 62196
45976 13587
35492 39149
25543 1822
39447 58431
44404 7921
25031 31333
37262 24175
58438 33049
22656 15672
51697 52995
36594 34545
50176 40650
62618 4369
6160 14497
49802 43017
13184 8133
56603 24540
47281 18638
26361 62592
13560 46629
7004 14454
14453 20129
38628 48755
53178 37148
40290 41366
2498 52747
51774 52673
29888 50884
32906 36047
41244 58571
54927 54428
3196 48022
54831 26340
42523 57055
25423 31946
40175 8291
46399 30492
28419 60890
15738 18088
10393 31891
35318 12891
21129 62955
2055 26880
26194 10824
62927 3930
5887 54345
34221 48454
14722 25543
11285 57244
19089 36708
25681 35128
20862 47943
41483 49280
45325 33084
43232 55717
1466 54413
44471 22594
53859 22390
49473 16545
33213 24755
59846 39099
54964 30558
24044 6177
31964 11193
39285 26916
23764 40829
37907 44625
25264 15881
30396 46452
48964 49491
14524 50429
40395 58995
48886 30746
17876 34851
23154 26952
35469 19491
41915 2788
25912 2450
48337 33739
13642 24113
60654 37405
1433 35053
57893 2560
50933 24781
24875 36389
50135 39399
62681 27022
10749 48059
33631 4488
58773 32648
31439 6597
28002 9845
9385 53913
51667 57721
24143 41172
57697 60660
54441 34993
8068 48825
37553 59001
49469 62427
7745 36096
14181 46289
38981 24929
6703 9103
29416 1967
17614 36719
47936 45615
46563 57320
11883 10585
27396 11889
51757 21584
9040 42689
56576 17108
28005 30620
51972 13966
5403 35580
25925 19583
18360 1397
20376 25063
49871 25655
2893 3976
62373 50828
49590 21292
20503 61472
31876 47898
49224 59496
5973 58263
38676 62549
51234 42545
5524 15561
32374 10926
27004 58298
6373 21228
35558 26748
46290 21920
28266 25046
25895 27131
51738 51348
24286 8732
25175 32025
32494 10890
28013 38466
45016 42552
13370 8606
60960 18894
30 29825
5683 27034
478 51427
48261 36035
54038 6906
57954 18796
31951 59712
21790 59552
23415 46075
44148 48589
53963 13133
35342 18467
27462 56222
36883 40832
1319 34334
35589 1348
40023 17135
4245 40500
44426 52505
13027 34955
59410 46844
29614 3717
18912 51403
63268 42326
9833 43907
3271 288
32903 38612
58126 60365
31325 31500
13552 8507
41698 49140
49227 18212
42138 53471
34575 23055
18332 47601
58010 14233
6801 63487
57321 25712
51382 57081
4529 61214
13343 7799
37365 46246
22275 31983
18966 53599
39346 32517
37970 17535
57520 23688
11610 12013
53022 46185
35068 7845
6141 5433
61450 12941
5411 55262
38652 32656
48834 19045
30362 38041
2707 43590
60150 24981
12064 54979
54444 27274
23987 28905
44808 57370
28456 32282
5874 17969
14958 16805
1678 21098
22237 63127
9903 3512
54880 24418
36167 16070
43462 42392
54110 46169
22474 26615
47013 10401
18085 37948
37674 17935
3344 58346
51168 31799
27119 57041
25632 42076
10338 27309
39037 8438
26927 24803
11949 57670
49221 23980
10231 5038
2863 40204
27070 25336
42682 10575
35737 60766
48522 49274
54564 51866
44111 42223
59528 7721
11620 61023
25660 61329
687 40561
6258 3477
1855 57579
61147 51075
18050 47241
31977 20912
23937 59046
22112 3110
6112 33712
39740 30498
19477 6659
18855 80
24746 54246
47172 36365
27625 48696
34185 28311
25748 16306
31788 27602
49748 29426
54541 4289
52530 62381
1065 12958
57918 62548
55440 39894
32751 7535
6883 28091
14193 1601
4034 38938
31710 51206
51166 59334
36393 61214
24137 38004
14012 31788
41469 251
37077 8365
43912 26098
7237 20840
14920 41019
19879 6851
56776 52629
53757 39522
17211 43813
16986 21245
19243 48695
48314 46272
20385 60570
43978 20385
35065 33853
28036 52397
34103 1604
60762 53878
27701 43862
11209 42620
60744 6951
25334 29875
59579 54954
5888 52654
35259 22873
49762 30365
47432 34567
13128 43680
7492 57105
39928 18420
27449 4455
7308 37416
6058 43933
3649 9622
151 54230
28106 60894
61180 53439
27261 33115
44885 9012
22260 16635
7749 47885
22863 55180
58315 35990
11215 2298
5451 51142
20717 8763
55596 3888
46178 37517
47821 25691
47138 23835
16412 11735
21220 14083
41038 24344
47197 61786
33356 45320
54284 16968
29696 13638
8639 24502
49627 59225
2663 30941
22722 62751
39704 14809
3131 61745
28189 26815
23927 11818
50649 40338
62925 47732
30285 40454
47940 53345
38731 17787
35157 29506
34754 40716
19007 19256
41082 44497
54344 43744
11930 13557
42987 51633
4229 21981
25733 32417
48795 49660
44234 11799
2353 19514
59530 8501
59967 43961
61846 11053
37611 9358
16422 48228
25937 35428
43347 3510
55789 10046
23118 4210
23602 41968
31706 27830
440 57438
60246 25098
43589 16836
36896 21806
12213 8781
30306 48044
28606 4507
59096 42080
13864 51382
2664 39801
62673 46010
19174 54953
56056 42291
59162 55521
60122 27359
19843 36425
60661 55952
61522 16605
48651 10773
38410 60864
58926 44580
45399 63395
49086 16850
41966 38814
4723 44629
54478 43260
2995 10143
34704 34914
28298 6222
26926 24911
9444 22632
61336 6596
54448 35213
62573 15454
21850 37474
12809 56639
57917 34071
56525 19359
26785 34982
58172 7371
55475 49141
50630 34333
35147 61198
5738 63444
3911 8527
711 52726
31159 62046
35186 22098
9614 34250
13415 7327
47587 26224
457 41996
36158 56981
61354 38806
4319 31881
46177 35657
56885 9162
6481 28523
6851 51590
4323 50133
60116 5033
15215 3630
42942 50400
25727 28419
21141 15006
35746 44591
41229 36202
23078 53250
5539 60295
4412 49229
4531 50588
60749 37279
59749 3721
41666 42464
55310 45988
4952 27781
51020 20166
31411 6317
46429 33001
34735 43433
48006 6972
24516 1590
19038 23457
30704 440
59616 35115
49668 40010
22194 22772
13781 57806
26492 55446
12625 57665
37925 56949
61309 1300
13606 29211
46988 35899
62212 18214
15823 46709
1050 16202
24163 59459
39659 54866
59898 11630
26472 21921
51639 24529
44692 1911
58198 47047
57356 7315
17067 7636
755 14867
48307 53732
44078 31786
26122 18645
25864 17809
41217 26913
9874 1871
62235 25396
56736 58624
37025 59071
56408 25156
20091 13455
2930 14781
36365 36150
61467 53431
19649 38085
4789 4448
4172 24730
12097 6158
43374 37960
23966 21083
40736 33839
62325 39462
59235 31417
10441 8615
26979 42712
9634 22934
56166 12564
13578 29022
24577 11536
58316 44225
25484 38969
24536 29655
190 36633
35812 19428
11084 35641
16374 51820
5972 15190
3637 41070
46606 14078
25548 49449
56789 35182
8874 25311
23609 61823
54332 48185
49222 25004
4765 11197
464 29301
40851 40025
41797 13155
59452 52880
24659 12317
17055 6494
3371 20692
47563 25840
34769 48975
11780 3913
20648 60025
29223 20120
58339 59419
44168 44052
20914 24796
31112 21377
54096 8455
37265 32384
60981 33209
61128 22131
21389 54046
28625 24759
11229 52051
50599 21861
37517 38242
25774 34028
34759 54996
30011 5453
50906 10670
49505 47683
35466 17108
5551 1917
1426 18680
10165 38270
51888 47156
36265 9768
37693 1381
10391 24786
29295 60989
46646 42676
11586 8911
52567 46344
39771 19070
51797 3032
5603 13657
50715 16932
6628 32129
58221 8054
50808 44249
22187 15051
27896 58451
24819 41452
35695 11073
2729 1482
47925 49375
20021 59510
34149 9079
42346 49783
4012 6498
52815 48987
20154 40021
41782 2645
48013 12358
50070 35313
56606 8749
50363 60365
43063 51045
38309 15250
62117 16901
56103 22397
2767 12615
18399 12780
61065 36608
38426 40941
18969 27732
26419 14986
43616 44064
17630 3985
56422 4192
39297 25383
52312 2015
22240 31866
53060 36412
47115 27532
53312 39709
25793 31943
28187 44191
44722 25744
56662 19639
3176 12122
23235 5458
27107 42714
49521 44736
46698 18298
24791 61858
43681 13594
365 2412
45460 29288
38823 4930
32683 4490
20503 58475
36432 48689
15021 17645
10924 8174
13148 53471
59667 12246
34792 23265
30823 20805
43865 14013
14966 5147
51734 58646
58113 52098
36921 15928
57249 51607
20857 26424
56097 17223
60762 29020
2404 12275
22529 52699
59820 35676
18526 55979
23785 53317
55107 54607
49985 35463
44483 1443
16474 32709
60088 50450
60670 9365
2869 30275
60971 63097
32562 53559
16812 29815
19071 58587
17953 41599
47777 14265
53138 2794
46107 52786
31975 37705
43884 18451
49032 723
19893 41369
9295 55845
28310 45828
1701 7042
12594 38535
6630 45155
28586 62813
50834 23520
57891 5278
1610 18024
58914 30611
60189 17376
19888 28655
30945 39635
22970 55840
16221 42862
33700 25515
11062 37873
47207 52134
44914 59800
27161 27407
17311 31610
2576 44008
55129 60466
49285 32602
54353 20555
39076 51034
13794 58963
55552 44738
10953 15013
37069 27174
33739 46632
28552 20664
20996 12250
9290 41773
47914 12314
5672 41088
19787 8247
21587 50779
44576 46735
19872 11285
43153 58947
62318 56947
30265 30225
14040 41217
45238 26973
44254 54840
10096 9298
11995 6956
60919 60656
48728 21188
48833 30263
62275 5111
14373 20353
55889 34813
42952 51624
46097 22596
22926 20770
55406 29054
50994 5938
6763 8587
32910 26880
63426 43005
36177 51285
25824 9452
48432 50416
30639 33757
17170 29406
14731 7407
25622 46484
42219 44437
34599 24807
3525 33389
45576 58930
62442 8925
1359 45068
17512 10132
8440 56801
53137 20480
44577 54824
29931 29501
41731 60570
39121 34765
2331 53851
42171 27952
36826 20881
8881 47289
21551 51777
17169 42990
23062 16102
51914 285
37034 45289
10416 45473
38582 39416
2444 19650
30732 8239
25014 48326
5300 39998
19582 7630
30341 61752
11445 43030
58496 59697
26810 16538
23829 19842
35391 46891
11808 23797
23039 48841
44949 33454
30805 20022
48734 9112
15536 55329
17350 16413
40146 62021
56411 59728
45514 62615
33835 32823
42136 28823
4875 44810
21224 28704
1143 56615
51458 12950
56275 10988
61790 13579
20305 4950
33601 5530
53434 25000
60858 46647
17276 37496
45160 49550
9579 3029
48656 43413
35851 27284
48099 40726
8585 5815
5921 49099
38293 57378
62049 31059
44229 36194
44637 1025
17008 54101
6555 6933
54964 43276
53579 48104
17263 11094
34145 2705
14123 19293
46118 49973
22440 6572
3054 6888
12386 48346
55986 50678
18079 30390
57600 62307
3076 14593
63332 20083
44557 45750
2879 11877
25517 56457
35844 18644
43415 6480
21348 57537
1636 43329
19865 63447
49901 62291
6826 38150
47128 38676
1184 1699
5557 34647
497 48004
25103 39692
43950 45524
61305 46828
57400 23314
15641 29735
17821 59055
12078 15032
28947 53086
34225 48811
53024 59989
47593 35714
34630 7077
10881 11677
8775 55809
46324 48643
16169 47290
24827 35982
29305 22623
19302 62568
21800 10806
4658 39620
6352 16736
54652 35298
6313 1232
59972 35200
61220 19921
7405 32341
26997 57657
19882 11635
25822 2697
60277 41990
25850 60967
14463 55155
59454 9628
54214 17745
20433 34736
33229 2648
51471 236
13809 33647
1467 10273
5338 62686
6057 12743
7382 8917
46263 27263
20551 8576
5823 56691
26429 31673
54150 16756
62691 25959
2247 29260
19567 22680
487 52795
25327 51957
28894 15000
61467 30360
1136 3297
5401 7192
55411 12783
55480 38165
15909 51894
22605 21732
45076 49033
29268 11581
41652 28450
37539 43899
57709 57106
42442 58196
22256 43632
22508 51150
58631 20467
57373 59766
63135 62774
42821 55037
51420 34792
5557 3820
23177 4025
1415 4745
28922 30682
55697 7065
34995 29728
26827 29196
62697 5760
63255 21444
49392 61626
9085 44514
18584 42322
16636 57582
41587 59456
24974 5362
30740 30531
9181 53916
34555 10596
34524 63476
17141 26713
46405 52136
56440 9723
57195 55628
15483 32805
52935 40738
30922 62020
61115 25370
