13771 8314
2607 13694
6239 7355
3991 150
1333 6570
7677 9829
12463 6699
1663 9185
3011 11096
9136 7356
4060 923
3108 5217
5439 790
599 8092
1780 4426
2573 13671
6373 5179
7227 12612
12533 4852
6395 7499
11421 301
10961 3746
6999 12623
12930 3643
3581 1928
4632 1274
10256 1373
125 9328
2163 8128
3649 3942
6187 6221
11246 12560
11399 4702
11400 3795
3187 4023
11293 8241
11728 8483
11986 4955
968 4778
2231 11954
339 6863
6861 10594
8235 6985
13556 10397
8746 3433
7973 1162
9653 5447
13721 914
3782 4983
12113 6968
9005 9635
1437 6962
11751 13422
5550 6352
11833 1415
4534 12172
8277 5029
2628 10145
5647 2412
405 622
5844 8377
9188 9130
7457 9137
3678 11239
348 2019
11840 2986
5287 13277
3581 10671
6561 9131
3252 12028
10545 1419
10428 12455
6447 13055
8828 12094
9101 2866
6349 8578
11242 1765
3937 12333
4535 1248
9800 12287
10671 1502
1501 2187
8412 5082
12857 8607
7846 9742
6863 4619
11161 3519
10707 11241
10207 13168
3197 5536
2263 9545
343 7138
4943 11684
5699 9477
6565 9132
7992 3464
10634 9493
13055 12679
8208 5775
7514 2282
1745 605
534 6539
11528 11240
11414 1598
10636 839
7133 6532
4018 1109
13670 8960
6426 13002
12071 6624
8363 6291
10088 12630
9417 9371
11537 11258
8779 5280
7173 10524
13289 7706
10696 11046
12579 8338
12643 3078
2811 13409
9609 462
8152 3141
3055 8211
2372 1354
1064 10734
1279 4785
9592 4329
7789 991
1816 2797
6270 8988
6954 13193
10328 3878
10467 9135
5850 2972
5846 2294
10014 1684
2755 11799
12229 5809
6239 829
797 936
11562 2075
5720 1016
37 13508
9412 9257
9938 9315
4474 3120
8736 8435
632 5431
11203 6481
2036 3278
8774 5684
12366 5162
3711 10823
10970 9949
11652 11766
4518 3076
7474 10237
11497 7511
3608 7137
10401 13545
2680 8508
2894 11416
3171 3525
10480 603
3639 6150
11285 6046
11833 9879
11207 1772
564 2039
5355 12215
7439 9872
8925 1141
6338 6650
2285 9945
7420 12686
3352 3733
1056 6245
1377 4227
3403 5491
12234 7041
11640 9747
13086 9701
13259 4155
5106 51
6194 10460
5900 13632
6561 8458
8406 6532
8741 4325
10110 2389
10644 13461
6121 11699
13340 1132
9559 2971
6622 8021
3646 11895
11401 2960
1458 10888
749 6563
4573 576
10657 10472
7841 10851
5158 9880
3611 127
433 13720
9920 4710
7043 9674
10043 6611
10805 13235
3216 11060
7485 6861
2817 5114
3454 4274
9636 4202
4471 437
4777 8761
4542 12617
5840 9699
8726 9450
3459 2792
3032 7012
1136 3708
2914 4812
10319 7353
4275 13534
12046 11759
6623 1092
10507 3710
12770 6371
7912 10874
441 6322
5863 4982
12573 11702
8314 7527
7380 5406
3952 4045
6051 5087
7753 8964
9898 11705
9950 7807
11467 1859
13199 11723
2950 9934
1661 9353
9938 3206
6456 4012
3162 12318
8993 1963
10249 10940
9489 11262
2574 7074
8941 8624
12161 2922
11222 1921
855 1034
3361 5955
2892 2789
11311 5841
12722 6605
1423 2523
3445 1512
6534 6606
58 9161
8568 3940
6329 11690
8836 8903
4992 4005
11160 10786
560 8610
6341 8819
9644 9701
1002 12535
12489 5946
12010 5074
12550 7066
7596 9628
8577 7763
2462 2268
3152 11029
13613 9481
8947 8677
12017 7573
6315 3039
4587 6874
11649 10927
1921 1155
491 10327
7323 12979
2501 12966
11686 8684
6260 12915
4541 8470
6907 7002
4372 3692
11665 4213
6806 474
6523 5051
8046 6471
8090 6267
13344 13372
3422 8898
8160 11317
5453 1711
4159 7953
906 2073
10270 799
1217 1039
9269 1757
1675 7274
5448 13339
5120 12254
41 5276
10938 8087
11746 12661
582 4952
12261 11408
78 6649
2588 5530
1994 6746
7116 2899
2452 11019
11102 3668
12058 233
5424 7366
7506 4506
6933 6259
2988 607
11534 154
2327 9508
12815 10313
688 4938
1584 8170
5221 4171
7333 7214
10916 8082
3746 13367
5330 1076
10669 11021
1309 9726
4615 2448
460 11547
8707 3447
12153 6469
11006 709
9611 3683
11021 3932
8620 12604
12102 69
10408 5663
916 7552
13745 4661
782 5303
5737 5084
2552 679
1038 7166
3126 8903
12346 11832
5983 4361
11935 3217
5069 7774
533 9724
5339 9153
2190 3669
2855 12598
2966 3771
12 2939
8431 793
1875 7801
13281 11831
8479 7953
12630 5239
3084 4838
10704 9066
9198 8867
5917 496
10274 6449
3853 1842
9235 6042
5510 12090
4868 2109
9494 4880
5047 11558
13077 555
5588 12587
6019 7700
402 12282
12938 3485
3348 9871
6184 12546
12371 5734
6675 8874
12183 4161
10715 1280
10202 9858
7003 8704
11967 2725
13583 10647
7917 6522
4836 13504
12742 4488
1066 13143
2999 233
10261 13751
3737 2674
12525 2336
8407 12833
4843 452
10627 9191
9137 7058
12683 2368
1990 4512
12498 9206
8792 6643
1956 13627
9 927
4344 1074
7703 976
8711 4193
955 6081
500 7114
8417 2540
13580 6893
2992 10436
9718 5762
11127 8629
1763 13116
13140 489
2184 8160
765 11544
1650 8178
6104 13398
9252 36
602 11596
4228 8961
3906 4727
2303 5956
7266 9517
12848 3891
6181 8794
3286 10941
11056 5049
10285 10424
5537 6102
12218 13707
3874 96
8113 9978
13493 10998
3647 7728
2457 7874
2917 6362
6234 12625
5951 7133
8370 12432
4658 8184
7455 7943
5353 12144
12991 9271
8797 12162
1601 877
5731 12879
972 72
2719 693
4704 13770
8420 7160
7872 4970
7155 7739
3823 13105
8506 5826
11765 13163
238 12853
7334 12995
11226 188
8494 13656
12349 3728
761 4308
10241 9137
11784 6593
3463 2716
6592 5516
3509 8097
10485 4297
2065 7942
3630 10570
13767 9029
3595 234
1744 4562
6862 12969
4749 1585
6487 3326
12717 881
7633 9186
10017 13051
2008 13479
9400 2233
12628 6543
10329 9342
10839 6027
3512 8103
10230 3507
3360 53
11145 5103
4615 4236
11706 9363
13225 11826
6323 12170
12707 184
1219 2586
6868 10631
2294 2497
12863 1150
9039 3054
4125 6106
9081 1270
7842 5539
4777 4835
5592 9555
3572 3840
7424 1506
13202 6877
6965 5753
12681 5900
13342 7533
8486 6438
11797 4413
2568 4522
12967 11606
7575 3321
11346 2884
11995 12821
8423 3000
3885 7648
6189 7456
11487 13612
2595 10917
352 9559
10304 6666
9093 3508
7832 11212
3579 5857
1853 6147
10378 8453
11386 11586
5407 2594
699 3631
1644 2755
264 5528
10402 6452
12983 1751
13698 9211
6301 7683
4998 2833
577 7724
6340 2042
5164 3553
7898 650
9699 11909
9103 7313
3357 738
9907 4055
11773 5184
443 12037
10711 4478
12122 3556
6228 12048
12766 12529
5959 11397
8995 169
12755 8969
2210 4147
12521 3741
4797 8448
9283 7533
9394 12640
1904 12934
10328 13677
4346 10771
11942 8690
1477 10292
12245 1339
2203 4873
7501 1795
2499 2724
9369 1482
11692 5212
13033 4075
8953 11463
6156 11869
5224 1779
10737 7128
8346 928
7033 12692
11698 12608
7610 6808
2762 13489
1780 4964
4590 9280
393 722
12004 9761
9608 3558
1201 8870
7633 10153
6561 7422
1885 5419
9200 12621
12546 11180
13548 13212
3734 5108
5682 4977
5550 8443
4694 7329
7041 9284
2838 7433
3639 8475
3422 13247
5666 4622
1979 6932
8409 8539
583 10293
186 3416
2776 6365
824 2553
13210 4557
1294 5120
9534 6843
13563 7861
7806 6832
3373 4277
493 646
12751 11319
121 4645
2169 9504
5211 4211
4271 5793
732 11862
9208 3508
11860 10032
13465 11299
8222 8392
2647 11389
8869 9843
5479 2903
2903 2485
7179 10800
3130 13563
1981 10655
11841 11555
6387 3280
1994 4292
9072 10131
9787 4509
13638 7875
8174 6965
12807 10029
1585 1683
7647 4087
11525 13125
6989 8062
1838 7801
12495 12373
7592 705
9256 5662
5893 9277
8941 7886
13568 11647
4245 9583
9789 11516
11091 4191
12114 10127
7853 13699
5443 1728
11419 10601
8486 4637
12296 3958
12437 11020
2559 6258
5358 5448
5553 11250
953 8127
12769 8154
6002 3243
3965 2019
987 8690
13614 13101
12450 7696
6662 4121
3057 11714
950 11543
2579 13246
9134 8650
4128 11692
8541 3119
10773 322
8002 11726
8448 6999
6108 8084
3875 3707
10102 12267
6030 3579
5230 4708
4908 5525
8828 7964
3467 3411
13140 6046
10290 2136
924 8051
56 3098
11169 10829
3419 12804
2417 5500
6032 2158
7217 3540
13269 10953
2035 5527
760 7264
10234 13072
12788 12695
7264 2484
9740 267
2163 6258
2402 10491
7943 9863
13588 12745
554 3235
11778 10375
2368 11443
12532 9585
1211 12030
6766 3246
11190 1159
4143 7653
459 3160
210 1356
13048 9949
9027 1439
9841 5063
11929 11417
8559 11745
10390 9112
8613 2030
5715 4614
13472 11880
427 8317
3772 826
5196 1191
9389 9338
2477 9847
6131 2686
4837 5407
6269 92
6845 9743
12559 5002
7388 7346
10380 11411
2686 5221
13441 2034
9835 6775
7548 3895
1320 11319
12126 6515
6143 7743
9487 8619
11224 1846
4939 9694
7253 4841
3419 7731
812 2207
6367 1833
9552 2975
13243 5872
1830 6546
7905 5298
13321 9086
2826 8274
6634 1180
8423 12776
2557 4138
1258 7414
5983 6196
3336 6869
11036 6754
8234 5481
8960 8234
7313 4741
4842 418
4246 6671
6964 12150
5602 147
1099 8428
8420 1366
9607 3071
7775 5797
842 9032
13210 459
1456 2774
961 6125
9528 9194
11605 12121
11061 12551
10495 2132
12969 969
8802 13566
6753 8038
7346 7851
2694 1994
9216 5934
12470 3219
11731 6945
12251 11169
7403 7340
172 8364
13465 3333
11191 4932
9087 8481
3712 5811
10612 10314
6779 13047
10108 7165
7313 3682
1244 3640
13080 4093
9574 5412
7312 7533
12357 13196
12335 5988
398 6140
7985 7496
9472 12810
12428 12193
7519 9773
4232 11764
6315 4644
4673 2651
11809 5620
13737 6686
9259 13045
10779 12466
12091 11724
6227 10676
4782 4791
10297 5179
10930 11916
12675 265
10954 4965
12457 12106
966 10322
10098 7280
8599 8404
9930 270
252 3529
590 9511
10207 11368
8205 8526
2954 8066
12835 7735
6490 2995
12913 11053
1139 5450
4951 5726
10414 11041
4060 11379
1225 7791
4887 9824
2423 8450
3727 2675
11978 4316
5819 8414
1912 7657
3168 12270
9356 9637
6233 2074
12631 12780
6761 13769
4458 11711
13128 1101
8981 3416
12479 10205
4840 3595
13662 7262
5678 3618
3570 3885
7933 3022
12298 9845
10679 9099
1977 6263
4964 8210
1971 3823
7218 8731
11225 5309
6670 10581
6409 9284
7630 12522
5718 6103
9750 5608
13365 1656
9225 10568
5540 10792
13590 4066
499 10497
6799 2475
10393 11762
10684 12363
1814 11535
7322 6672
3073 7626
10887 3115
3138 4745
1865 2489
10848 11614
1731 4075
13270 4589
871 12443
1609 8094
10143 2107
4819 3170
4582 8846
1160 8899
7437 10378
6663 8393
10684 3369
9652 7799
6483 12789
6177 1982
8912 10658
13595 10642
961 6727
8864 9237
5399 10473
3559 9175
6213 2012
12344 10794
4491 7137
13327 5561
11149 13623
182 8061
3220 3467
2088 3336
9890 8264
5317 5030
12556 12546
9305 13516
5501 4397
2615 4533
8503 13579
13707 945
9224 5913
5372 13714
6684 4927
5503 4061
4778 13090
5755 7997
2785 7842
4967 12674
9739 10283
11337 8523
9057 6870
1902 8192
4901 11921
6358 13403
11728 13699
576 814
13245 5948
756 6157
4508 13664
3851 9286
6616 9605
10916 3034
11080 2111
1937 682
12394 6907
2838 1313
6 4739
9504 12311
10294 9496
11942 8250
9423 6152
9064 8896
5733 3453
8687 10240
10750 12537
5754 3594
8371 2899
6628 5679
12414 2198
6360 11036
9104 9198
12349 2743
7570 1715
1282 4092
4844 6858
5976 7900
13009 8673
3025 12375
5759 5345
2477 2738
4110 1865
13736 12480
12168 226
11793 10810
2423 11786
8075 5161
846 286
7903 2050
9405 2819
13546 478
9676 5750
8377 2547
8056 5035
8555 7449
10379 11031
3820 8123
12895 3784
465 11291
11415 12257
8330 7471
3906 10038
12631 4751
3957 397
6800 13361
10620 209
7472 6524
5958 9483
2704 7648
746 11258
1325 4759
8517 5144
12881 7641
2561 6979
12565 204
12870 7123
1309 3004
10794 168
7754 979
7969 8188
569 4817
8396 8040
4974 7987
11156 7677
9268 11902
5163 4226
10294 7314
3003 3037
8588 12969
10015 7381
13172 9113
8138 8114
12116 5160
8282 13504
6139 9884
1554 6707
930 3583
8380 5903
5203 5765
7214 8105
11300 6010
12330 1456
13323 1562
4492 8139
759 735
1749 7564
3482 9886
1907 1826
8679 3822
8963 1046
13705 4150
1386 8268
7732 3400
7805 6569
2798 1247
902 7731
890 13231
9186 442
8426 13677
2214 2818
8045 3962
4016 11526
7481 5922
6986 2389
3377 9582
10839 10715
13732 12225
5212 1326
1853 13016
7894 12055
7896 2429
6014 8785
1889 1428
2860 3948
8738 5074
6766 3011
2669 10781
766 3784
10336 1385
13577 13712
10966 10644
10655 4560
9097 9500
5886 4583
2378 7413
10271 10273
9842 2513
12692 5364
3940 1780
9311 12677
6853 9710
9322 3156
353 3721
6939 4322
5105 6744
11667 9704
3616 8551
493 6347
11684 12
4563 291
7424 1063
10563 10899
3575 3117
2491 1149
4897 5436
7459 5383
8779 3009
8538 9132
6729 1705
7087 11833
2082 4983
7766 5698
13533 1892
12044 5079
1903 2835
5369 9326
11302 9566
6454 1106
12682 2578
2254 11212
8013 9712
2824 3021
6355 4995
5786 13083
334 12872
4779 2415
4083 6178
8112 11249
8069 18
2557 9971
10258 7925
12930 7788
11124 13017
2527 10035
1824 12185
7475 3470
8126 3932
124 8114
2561 13314
7425 2894
12415 12203
5308 10131
12014 7054
1243 6311
705 3799
9915 10962
5357 9074
12384 2710
1953 1139
6378 3776
13324 7486
880 1312
5052 1003
9425 7612
546 10483
10505 6594
2549 9446
2953 791
10133 11600
7102 10838
9032 3245
8028 618
5952 274
10732 7905
1413 10743
5314 8370
11862 6193
9681 3142
830 12739
10753 1375
9450 1120
1602 5632
10566 11959
6423 6927
9788 7158
11398 5048
4036 13060
13070 3622
13333 3664
11526 8379
635 10473
2977 12497
2895 6291
9272 11129
5258 6254
12503 8342
7373 7738
202 11572
5925 258
12133 1941
7415 9759
6989 11451
9047 13692
1301 2243
3585 6460
10621 11624
3161 13598
3983 13460
6117 13255
10817 5009
13142 3182
13350 377
10919 13551
11949 10478
38 3944
12418 1086
7336 13040
12536 2612
12961 7470
4854 10179
7563 1703
8031 4358
8934 12014
4046 8685
5131 8497
13693 4501
5312 13271
12282 9865
6684 4093
6571 355
8036 5217
1441 1601
11891 7610
11617 11080
8714 2699
7487 2505
11806 9151
6862 603
1027 4542
9287 6157
6672 9208
4291 11983
2341 2802
1710 9024
6894 8280
9379 8564
7131 4453
10164 5250
12062 8009
9963 638
4341 3678
3143 9780
12828 3638
10382 7489
8179 13302
13645 1079
8738 11570
6696 11078
8005 8405
13736 1127
2914 9343
3324 3678
7429 13487
8927 5719
1358 5118
6357 13103
2429 3133
9112 8890
6770 13127
2607 1178
12658 9886
9661 1258
1318 2585
5970 9322
4624 5934
4082 7537
8910 7406
4848 2567
755 3
1919 2113
12525 1909
1444 8587
5041 4189
11110 11811
10950 7351
6622 3470
10870 9916
4727 12187
6135 4330
7737 10758
10263 5452
11928 12806
12857 3004
1601 7246
10411 3520
2992 2798
5428 11840
5018 4103
2258 2356
9547 6841
9706 9802
10310 6804
5946 8670
12624 12080
13000 223
2700 9491
5675 856
2160 12165
3859 3760
5639 7903
913 2264
10700 6341
333 1946
10443 2590
11707 13623
3064 1275
9653 13373
1713 1827
8271 565
7541 7499
788 3874
10624 96
4730 12783
5894 2222
10176 5167
10125 11089
7430 687
11063 7762
10038 7734
3985 7973
7585 7048
9247 10871
6649 10959
12697 1149
5158 100
2281 13350
3974 6538
13445 2337
5549 5567
4558 1954
10733 8316
6676 4392
2637 3967
5787 12674
5334 9772
509 6552
3048 3389
3651 3331
7982 9981
4479 13139
10081 393
6351 7688
6931 6024
3658 6113
5224 8215
1700 9591
10165 8375
7616 6435
12341 13402
12742 3903
9402 13250
4088 6084
10272 7738
9414 4482
3948 121
11254 7662
7918 3833
8983 1077
3490 12640
824 8714
717 2523
4533 4515
4532 12148
10949 10506
5412 9919
8043 1043
3031 12130
7126 13303
6097 2768
11418 3678
10293 2535
11339 11844
6367 184
6555 3491
12823 7378
5838 7173
3534 4004
11688 8065
9785 8865
4800 1425
12418 6476
2467 1677
4834 3226
8613 4564
13398 13665
8241 3553
2428 13213
1626 2428
13396 8180
5918 6081
9191 11755
13254 12724
1987 4804
652 11771
13668 12856
6830 5948
5560 2930
1259 4027
6156 9871
8591 13187
9764 3060
2969 5825
9907 11999
8253 9531
41 399
9246 9231
5788 2362
1817 1408
7165 2468
6813 695
8957 13642
6643 8150
2800 7901
12177 2589
11405 6996
2005 1032
3689 12378
6856 13595
10605 8742
2989 10645
9141 5868
13509 8562
8229 1554
9969 1622
11427 3010
2316 246
2880 2592
8396 13085
4126 435
1902 1760
7430 11311
10196 4752
9917 10685
11981 384
5656 1198
4662 8430
7065 11804
3220 8927
13358 6822
10548 4647
9832 6497
12297 6345
9089 555
13063 6848
989 1194
8607 2052
12504 12436
6804 2284
9350 5013
10072 1234
13615 963
3297 542
12766 6516
9468 5986
13337 13649
4266 3031
6374 2792
3010 9096
3346 2301
2173 4335
10899 4413
6386 3266
10483 6823
12954 6061
5469 9254
928 5312
10216 4224
13258 2845
4373 8954
8830 11343
2465 6730
603 2473
9521 11017
11568 6500
6951 7374
4468 4079
5421 4488
978 2132
11310 160
1826 10413
9413 2753
1953 5858
610 1440
2336 4982
4027 11165
2553 6492
4123 10560
8964 7277
1439 394
7411 8390
1402 11878
6102 456
2594 7079
9992 7538
7238 11817
4179 2879
8203 13536
2370 8812
8609 4705
7427 12636
9504 9979
12761 13626
402 1587
766 1840
9385 8176
10229 4420
6282 2559
4875 2510
3271 1095
10047 10508
6545 7859
13387 8381
7623 9390
3421 2461
324 10847
8730 9827
689 1353
3315 8495
2939 11485
10334 5957
5889 426
10377 5805
10389 8885
1948 13660
3614 5628
4030 10158
13486 11050
4768 7337
6669 1822
3431 626
6303 5794
4086 625
7146 1034
9119 3718
12519 13086
9675 12041
7145 13685
4074 3763
8798 13426
11056 12411
5282 1314
2432 4996
12364 833
5967 12666
10059 3031
13291 2590
8825 11010
10619 9604
12043 5966
6956 10790
12686 2859
9060 6059
10177 6767
3455 5203
56 739
11248 5337
9458 7313
10333 8050
8145 9933
578 11837
12963 7502
656 1650
4740 4908
11254 3011
4508 4438
7435 3422
930 10128
9480 11106
10528 12935
9942 10583
7307 1052
2149 2993
1998 12481
4676 10142
2276 5253
8208 1467
6388 2497
3117 11127
1038 8004
7772 5545
6075 1435
8966 7004
11562 12080
11743 8318
4877 1547
5130 12183
10004 912
8810 12001
13392 13485
2006 9301
12372 3847
10767 4988
6343 7517
9749 1014
9154 3749
6559 1457
12588 1753
2094 4012
7466 65
5963 12342
9017 4726
4388 5249
5637 13197
3478 12662
6544 5483
8191 5144
9329 5187
3766 9305
6337 13514
10319 1720
3491 3106
10581 9712
12263 12675
13723 13363
6373 5914
5567 1618
10640 3588
6866 2505
3013 3978
1396 3191
3094 3220
8334 6057
2040 12099
1590 8377
5475 5542
3730 8965
2281 539
12310 8178
13213 12261
7769 5815
11809 6969
1066 2311
10557 1566
12220 7203
5543 13615
10393 2270
10469 12361
8326 12508
10688 3550
7113 2392
9091 4476
4990 5006
12420 10934
13183 5495
3057 814
4943 1094
1416 6009
3404 11972
7574 9258
5404 6750
9101 2025
9019 13203
614 3574
11940 4936
7123 12686
961 9847
3391 13355
1081 2039
10517 7897
7533 13574
2344 12476
8301 3760
12118 5339
1960 5920
825 997
12669 3559
10427 1550
2991 11040
5123 1159
9609 5879
73 4203
1955 3463
3787 10440
12906 532
11971 302
7739 543
12777 2269
11707 4757
7607 7301
10676 8431
8297 3207
11989 4952
12161 1208
9626 3513
9771 5463
3025 9844
9666 4979
6940 7086
9053 6075
7617 7252
10 8990
7794 6420
11258 13135
11176 12498
6664 8080
791 1189
4920 6413
6141 3309
1255 1995
455 11025
1091 3480
7097 4390
2092 7671
11475 11144
7379 12726
12029 7388
7944 6052
36 12835
5415 11211
5195 12078
12924 5985
6900 11477
12397 6674
1014 13651
8668 8874
4539 3393
5987 5269
7782 8078
12939 12891
12856 6546
11845 11113
162 13422
10798 7602
6119 9846
5041 11313
1786 11598
3526 8686
9303 9556
1588 3951
3070 3890
12824 1242
916 5039
6510 2331
6750 5678
1450 5834
5857 13294
10581 13424
6578 7607
7254 12696
3682 5929
10237 5467
3755 7396
7786 6692
10586 9374
10642 7289
6897 3328
8530 7812
2000 1268
10142 8749
6945 11592
8217 12802
4748 5026
12454 4960
12632 13341
3884 9947
5498 7755
1643 2887
1379 3062
9578 5598
6069 82
12886 12965
3409 7644
639 5408
8912 10781
7790 9490
2154 616
7260 8241
12980 6121
7811 3093
9701 6942
4481 4977
9828 13264
8039 13039
5091 336
6754 11610
6935 10162
5483 7573
9203 8028
11987 3222
3746 7855
5456 13305
2105 6350
7774 1313
12470 9218
11810 2033
2389 9924
7010 5850
9417 1277
12523 8141
9017 5505
5979 2180
9301 11461
3387 4732
5717 9007
1587 3097
10496 7043
2630 12600
7026 10403
7546 13129
5850 12990
1390 1872
9142 8399
1355 4787
9675 106
12927 4921
13016 12540
734 8545
10229 11525
13276 9580
6761 8497
12676 3485
9173 8939
9718 2427
12975 10897
1784 12458
10115 3173
558 5486
11572 9318
3906 1109
9423 10467
13434 8667
9235 7802
10845 13097
5555 10350
2539 12315
12480 1443
9433 7881
4015 5379
10307 3219
2505 12090
1905 6253
8896 9868
5372 6696
5414 2912
1439 1065
7012 1101
3366 2475
8902 439
9205 8091
4422 11744
268 3130
6820 9701
11010 10835
8713 1179
282 4851
13268 2186
11104 8393
12053 10109
8722 3695
13020 10160
12165 6260
4895 9164
2368 7430
9602 11573
9154 7658
3179 9422
10787 9998
5351 1660
7061 7697
2838 976
12548 9740
10567 3514
11766 2482
13622 6716
13582 12871
10510 5609
5359 9038
1001 7727
10101 4236
12933 5484
11893 2340
1134 2543
5971 118
4202 6666
7814 673
7641 6590
10412 11841
10103 8406
552 9954
8756 7767
2687 12899
13375 8045
1799 604
9405 11899
4839 8566
11016 10366
4539 12149
12908 10510
12266 10743
3404 13714
11415 4678
166 1690
2748 10269
3729 10704
85 6118
4699 10176
5245 4302
4449 677
4905 7488
12576 3377
9687 9820
13742 455
1832 12878
4598 7731
3483 8001
7673 1127
6312 1473
10221 9059
11741 178
5991 5459
6296 10689
1863 5174
1219 13716
5851 13528
1066 12060
3134 10753
1742 10509
4841 3573
3250 9438
4938 6732
11072 6244
1492 3612
7716 11712
6305 13090
5524 12295
12182 5453
2847 7678
10626 11470
7623 10110
11227 2322
8398 7994
13074 10140
4731 4143
7346 7980
7214 5917
8346 4514
12161 9837
1760 13510
1412 8064
12829 6935
221 4873
12387 3067
12551 2875
766 36
12985 5626
2357 7611
13619 1660
11384 11983
13207 12364
6192 284
4509 8171
12202 10303
4236 190
10042 5647
1887 2733
6215 2108
7605 4830
12579 6384
7705 13344
6419 552
12603 2410
8162 12450
4069 13180
10662 10909
11772 10487
11192 9914
4886 9623
80 2755
3446 10121
2036 5333
6487 8250
1074 7725
6714 13652
338 647
6859 390
1198 5690
10204 2993
11774 7906
9806 8664
5044 1440
12784 9869
11354 11303
13125 5067
286 2800
1416 9726
1766 1536
4205 2839
9260 10918
10124 3231
5198 3211
11026 29
8901 7458
3021 6903
1593 6461
9200 270
7900 1846
3772 12887
13148 3126
4182 7067
13330 13002
3022 1324
766 860
11567 10026
11777 7919
6890 10608
11130 4144
10636 13664
5236 13656
429 462
6345 9628
731 7879
5107 4502
6994 11888
1261 11176
5183 819
10406 1838
2142 11172
2697 7342
1060 8107
1490 1583
4943 12619
5727 1807
6145 4596
9097 6573
5057 9075
9834 5787
10587 1169
3922 3810
13056 5183
1214 11872
6001 5253
7344 1777
10058 10040
2752 4751
11781 4241
6334 10357
10493 5694
5798 2866
10289 1123
3072 1574
3831 12905
994 647
7707 4915
11861 6991
3731 6708
12497 3366
11960 6069
12547 1881
9742 1527
6631 7751
13173 6598
11742 9894
12291 3768
6394 8808
4890 9465
4015 2354
2233 5008
10405 9939
3557 8494
10564 921
1430 9289
4286 13390
1586 10466
8904 11327
11993 1763
12712 11394
8361 10682
1150 514
678 7543
9322 12972
10642 6970
8959 12874
5612 5593
2675 9168
7720 13238
3722 9150
8755 8008
2402 3974
4702 11305
8935 10328
6701 7875
1584 1290
12190 2734
1804 6501
3910 4759
13106 780
5362 1927
7287 10973
7519 9962
3 1468
9428 3725
4251 11817
5366 6652
2019 10067
11590 10953
258 4519
12461 1841
13214 4513
4574 8651
11013 2118
7043 3981
10302 12404
5908 3818
9606 7060
7413 9608
2161 10474
6966 6411
8519 12331
6696 10538
2261 11919
1353 2518
10072 43
4358 9514
11960 2566
11798 2836
12088 5069
6816 8618
11106 6357
12435 574
13417 13481
3816 1806
10184 10781
1851 4931
9341 2180
9102 11601
328 4089
7752 10399
4131 5743
13546 2319
1942 5206
5154 258
10274 5604
8876 1242
11960 1173
1816 11605
883 5631
7045 4700
2640 2529
3264 5614
4708 12366
10848 12440
2683 4828
2701 447
10571 9880
10170 12512
1314 8958
12770 5221
790 1508
6463 6383
2680 8278
11622 10967
7542 12300
1895 3815
1057 5159
9429 13169
11158 6505
5472 7474
11333 1806
1554 1766
11686 11723
506 6633
543 6909
11854 8737
8416 11950
1349 11096
90 6604
1925 7631
5132 3820
11445 6188
2612 7102
12990 7403
7241 4690
1105 12207
6496 2658
201 11815
8014 706
4676 8557
7615 10163
10927 9664
8341 12275
6988 8430
5107 2547
9694 3872
6366 7368
10059 2611
8103 2912
10013 8977
7601 4751
7412 7730
1042 7612
5773 9055
1952 4083
11245 9566
7879 8401
5458 2449
538 6080
4512 13050
8626 7840
3150 8625
1436 6843
4869 3172
9754 1110
12149 10988
5860 5789
4947 535
13401 4353
9589 8986
2069 7063
4780 9948
9097 3871
6030 9634
3584 10541
8912 5843
12014 12062
8101 13449
12538 12969
10255 8520
7712 2266
5736 7205
8054 4316
7739 1317
8669 3557
10302 10737
4253 8715
547 13349
6220 6576
2845 3437
10751 5391
2914 8993
11086 11014
2305 9852
3846 12559
4600 11557
1053 3969
4991 2740
1919 12729
11462 4221
9919 7992
8591 7805
10341 9138
1016 10194
1942 3861
13630 12692
9251 2772
7914 6565
7420 10218
10050 11265
2639 8283
9050 3691
12251 7674
64 7803
266 11525
12023 10184
13151 6843
4218 9720
2209 5233
6142 4150
2727 13405
10476 11977
9811 4618
12175 3459
8469 8453
952 11107
2964 3635
8431 8849
11309 8494
2880 11574
13653 8537
1620 13032
1608 13242
2614 3816
4704 8755
1599 1064
2022 5708
13041 11832
3959 5078
8924 12427
7165 3509
3396 3762
7144 5460
12610 12086
7588 9124
3522 7469
3889 12546
6729 5496
12017 2976
2945 2949
5364 11948
4012 7385
3885 10686
12851 7843
9398 8003
133 2791
11512 3528
6552 4884
2622 12796
10603 10209
8148 7758
3906 5670
6532 4268
4799 4777
7243 7743
1359 12606
13324 12776
13624 3437
3324 12703
4914 12721
6935 5046
9145 4675
2207 9331
3192 4828
8355 7428
1265 10136
1414 12575
2034 7945
3071 6832
12722 3947
8208 309
10186 7760
13084 10039
4831 2637
8970 9744
8991 2133
8423 4365
441 10629
7329 11037
1686 1912
4693 10355
5681 6106
9159 7714
280 5863
8179 6635
9810 10020
577 6224
4008 13661
9896 2472
9931 5095
5849 12555
861 500
3148 8707
11129 10476
5972 6448
6021 4299
3031 11701
10404 5823
13048 4317
11686 1089
10951 1358
11108 11528
1215 8750
5051 11111
4855 8615
2434 10704
7398 10699
11203 4180
5634 2194
8289 5240
8641 539
9538 5306
5873 13575
11128 12555
4121 2676
7277 8705
11438 12019
95 12653
6997 5145
9992 11851
7393 6059
2417 1020
10391 13620
5199 9659
2042 13487
1127 4317
7659 4298
9622 7166
4101 612
13354 8221
10693 6859
3155 8359
5106 10654
7240 5736
2028 10865
11221 3054
10557 13637
4073 7177
13485 9271
3064 9161
2621 11595
13477 3913
2121 2961
11078 6221
10977 10660
671 7898
11153 11230
9891 2487
8112 10764
1857 3773
7858 6711
6827 12048
6576 4533
5453 13695
7438 2150
9084 10058
13744 2423
199 2093
12788 4911
8314 9993
1799 2618
11525 12951
7481 7644
9072 9226
12041 4562
12999 6127
11272 13459
11809 4076
11625 3490
11404 5291
5640 350
8982 5612
2772 2815
1339 1788
7725 9652
5415 3157
12269 3168
9742 5978
4445 5042
1432 2714
9603 8064
2475 737
1385 512
4812 6644
11406 9850
11934 3274
10199 7145
2520 12971
9959 3858
8392 11317
7143 7440
702 5640
10607 10443
5251 8685
9118 316
5033 4949
2014 7507
13090 10803
1652 4131
3675 13057
209 1838
9965 4041
2616 12484
3240 6208
9975 5266
3753 3346
12705 4454
2619 3175
8531 1503
5493 3877
9223 10525
2460 11236
11665 1778
8268 13316
13313 5576
12602 13521
7413 2429
3791 3662
8546 664
3503 4749
13334 7255
1728 5902
5343 4346
2710 7507
13253 8202
11383 8704
12361 71
6169 10254
1849 8070
9799 1390
13645 2263
8545 921
4691 5969
11987 13236
266 1719
11618 7234
8973 13345
6769 7949
11324 9478
1684 4439
11313 13067
13142 9902
6771 12944
6385 2253
7242 9817
11048 750
12079 5821
1670 10403
5423 13656
3501 13093
1603 1347
189 4210
8325 6957
5792 13282
10068 7476
3949 7610
405 10724
11145 7175
9897 11163
3062 10772
7208 338
11521 5515
13563 6824
9551 5214
343 13051
11940 9350
8031 12129
13559 2584
5314 12985
9499 1611
6689 7081
2854 727
4034 227
1535 159
11390 4596
10930 12231
4933 2314
3975 4724
2771 13525
3571 3113
6439 9145
12463 698
7502 5884
10687 6449
5097 6414
1693 5419
13495 11951
6145 11162
5812 1314
11320 10835
5909 2112
9294 4476
11830 6902
2833 830
290 6404
3942 6728
9182 10038
7425 10317
9556 4340
10399 881
10754 12092
13705 4111
3905 13483
1501 9716
1025 6454
6779 568
2199 2302
5043 258
9203 7875
8492 9492
7912 6067
9853 3322
2334 3507
13638 5523
7846 10266
37 12233
2220 13741
9977 6124
7087 11477
9474 8111
11564 2481
8678 7397
12187 7354
1288 1253
1458 9779
4378 9369
9479 460
6325 5446
11371 6191
10968 12850
10090 11005
4946 12309
10974 1151
12067 11694
6262 1403
6034 11459
11288 8345
5084 9704
9333 6371
4590 10790
2378 2601
21 11857
10465 6345
3531 1698
6170 8133
777 2488
5366 5722
8431 9973
506 360
7896 401
1762 7563
11860 13049
9541 3172
2615 5102
3177 838
2120 5554
3439 9546
11044 7537
2119 8209
9235 8288
9975 10011
10776 1569
9366 12840
5175 3505
13199 13070
3906 1189
495 9399
7871 10036
12570 10486
1366 1975
11323 10891
1163 8395
299 5840
2161 2417
7682 5029
10705 3885
8673 1343
12858 11672
7816 4262
1405 7243
10965 12715
2065 11460
8342 3569
1358 775
7688 10128
2749 5240
7247 11316
7268 7545
10790 3062
3596 12105
8090 7934
9624 2991
2910 8710
891 10725
6605 9701
11601 3799
8644 7299
8892 3215
10867 10249
3989 12189
6605 371
3657 7486
5321 4558
8664 2339
7620 12259
8077 9343
55 3929
12334 2964
6273 6858
7322 12877
2787 5151
10309 11431
6083 5429
874 10584
1906 12267
9001 2145
12637 6291
9630 4186
10848 4522
158 12101
10415 8235
7673 10469
12163 13640
7067 4664
6726 617
11175 3147
13173 7712
806 5484
13141 9084
9701 8680
7579 4930
10824 78
4854 316
11669 9336
12243 11826
7665 8886
13694 8971
12988 5720
2473 13688
4017 2833
534 1420
5979 7340
2766 6784
6457 2135
9501 2387
4448 10713
950 8906
10790 5804
9221 2321
8773 7692
7781 2666
10211 7703
5271 9428
13422 7743
2978 11073
10575 10916
12492 10187
4484 1486
3199 10941
11025 6333
6961 9107
3274 1544
4241 7698
981 13461
3652 9753
7382 11432
6053 3821
5364 11323
6882 12419
12699 3494
9720 3137
638 2075
13323 5122
3560 10156
9696 8219
2717 10290
3554 13396
11833 7794
956 12814
7483 4607
2429 8498
2268 8481
5953 1265
13437 6468
13683 12365
9961 3266
1730 10599
5340 8686
1949 2533
5070 5278
10751 1421
1796 7938
1045 7262
1960 9405
6304 3077
240 2367
5208 9912
10847 11160
4810 10513
11262 4722
2740 7451
1621 11874
4278 6960
6788 13631
9492 11858
12542 106
13278 566
8043 7956
7828 3637
3589 7765
347 11233
10131 5554
1008 841
10348 5817
4987 7838
10538 7726
1517 5792
5828 13200
12751 12615
6693 2106
4335 5464
2211 11246
6029 3887
5430 7490
7523 2652
8889 1503
114 12653
7057 1121
13493 11038
6937 4708
5104 11109
6067 254
3129 11894
13453 9514
4372 6375
11619 2340
5472 7463
13586 11500
11349 5244
12624 12506
1530 7741
237 1643
256 7293
10168 13749
11964 10738
12090 3296
8075 4386
3550 4838
9913 10636
580 7918
10644 5832
10258 2344
13294 10072
7478 4505
8949 13735
3239 10478
7704 3476
5754 1593
4402 2150
1570 2595
6522 7294
13295 8230
5313 10478
13067 8859
7343 7280
10411 11620
6745 6897
7598 6267
10602 1304
4406 13184
8672 7644
3525 10009
4753 9278
11601 2789
5062 6805
5383 11583
327 12311
6041 13044
9018 12742
8131 9994
13655 4770
1476 6629
5300 9073
6529 9535
4010 10934
8948 12681
4807 12472
8918 3193
1612 6748
5981 6673
7186 4997
11889 7512
3537 11564
418 6188
4168 2182
2410 4051
6952 3885
10679 5885
6592 10842
1649 10601
8004 4230
3145 6444
2930 5696
9637 4541
6077 9251
4848 13262
477 2965
7002 11418
8162 1053
3834 12329
3235 13648
2609 3820
11166 6921
9704 11391
3991 4986
8221 5629
9215 4999
12072 5778
10694 1571
10319 3000
4456 8800
2490 12337
11764 3126
9983 6155
11583 7450
12117 1046
960 954
4865 5759
7875 8203
3379 5499
13188 5233
11127 2266
10231 3062
8043 787
12037 4590
11191 2721
13389 7315
8691 5016
4074 12307
4804 1885
5985 3149
2931 578
11508 7795
13742 13016
9631 3349
4743 9048
8581 9504
11313 12445
6199 5584
6865 4464
3808 4285
819 10830
11599 9509
2074 1901
8045 511
3785 7663
11065 349
1875 8801
1778 1845
8045 11408
5193 6421
6684 7407
2153 11630
13485 8351
10848 212
6449 884
4496 7267
5347 9728
10409 7421
5262 12087
1565 2681
5979 12629
3029 1487
7658 4806
3331 9336
9848 2157
1986 10165
3197 4138
8024 10315
6123 12505
10526 6205
7022 1251
13471 12368
4612 3742
13422 9874
2058 1216
6188 1670
73 9216
10561 1365
7656 7525
10700 3732
9681 6319
7530 6511
10457 1782
3054 10213
7920 13579
2646 1170
1058 9750
13538 13075
7125 13188
2811 2816
632 8998
4485 8110
11847 8679
3108 13136
2432 36
10501 12112
6355 4260
4851 10445
13446 1538
520 7595
1346 10570
8764 9808
6548 8530
9111 13672
7947 11921
10122 2212
7147 8240
10321 12628
3148 13428
11992 5579
7098 8722
11325 7086
12981 9809
11164 12655
11347 5317
6478 12692
2115 1471
8728 2296
3634 11473
9601 11580
9622 5951
7426 10403
420 3975
9259 3567
11037 7479
9145 11768
9834 332
5082 9043
10141 9879
7927 7716
1424 8038
270 3538
3142 8997
5833 6776
332 1662
11989 3588
1247 5643
219 1666
3252 3111
5232 7922
4223 8010
5918 286
8342 4633
2962 4711
740 4522
6060 9568
12560 6329
6739 1930
8959 6205
2339 9291
7866 557
12878 9112
13604 6730
4411 3084
3474 9642
4639 1330
11286 10556
1615 5856
8822 11982
4200 3195
2732 3893
12762 1520
10221 5729
10855 12813
11933 13193
1966 13433
7383 8477
2407 7216
1435 452
3933 12313
10093 8572
13643 1241
12761 8891
7096 7812
7101 4929
4640 9833
8821 3631
4986 12675
2993 2069
5351 8560
8896 7316
1855 2507
2022 11666
3356 10861
12117 7289
9403 2073
9494 9274
3313 2117
11798 4043
3562 5128
2605 8202
8594 5060
5466 13579
3963 8458
9282 9313
10651 11811
10263 6139
7951 12284
4034 11307
9373 9784
12229 12409
11856 7951
1545 8803
3701 13343
12845 7263
12104 1678
1693 6926
6737 7158
367 4334
9249 3282
7280 13534
1321 3771
5901 2906
9688 3568
441 12695
13352 6303
11332 5070
7887 6511
101 11587
6082 12945
5078 4414
8257 404
4973 8627
1195 12744
12960 10444
2255 6469
3840 10980
3873 3374
114 7195
6942 7959
6118 156
490 11083
12630 2010
3822 12731
13597 3537
5538 12308
1584 7428
12712 6556
2284 135
5529 8877
4212 1417
1574 1685
12396 12852
5059 6144
6275 5634
7736 6026
13194 1860
3337 12052
3869 793
4645 3694
4329 3817
9636 5913
11244 8576
6102 7161
2344 5264
2267 190
6680 11245
1874 12710
10325 566
5082 10233
13604 6451
2487 13026
8310 13229
4941 12179
250 3219
9506 11983
7035 5370
11529 11913
7579 3860
5302 9923
2757 7568
3746 9437
5042 5619
2009 9000
13590 724
5462 13422
7174 1582
12677 1713
1039 11251
120 1288
698 3259
6905 7733
8629 4662
5874 2436
8521 11175
5992 4912
12377 9737
577 3647
1585 2585
12646 1403
10713 4336
8458 4115
5918 997
5827 590
12247 13351
9283 12945
2839 2416
540 11467
7077 47
7536 9232
4855 13528
372 3460
9493 8353
7106 4711
4571 13386
13518 1512
11355 8205
5626 10906
9201 5087
11496 1311
4666 7007
7889 1138
3056 8428
12604 10132
2108 3
12997 6962
13530 13368
4056 2885
7949 11161
1230 6153
4409 976
7664 1993
2814 13290
12898 12015
4605 4256
6959 2904
4896 1076
4042 7951
9503 10279
4312 5244
10281 10942
12205 3673
10539 2489
192 12121
7284 1421
4503 5326
2396 12166
7318 5210
5318 79
10858 3556
4334 4045
6460 9230
12525 10501
3409 8256
7008 1354
13499 10923
12296 5566
824 2697
1689 1015
1046 2606
2435 12953
7931 12236
4982 1478
11079 3933
1556 1799
7489 13294
13248 177
8752 12001
4311 12161
119 11318
7148 7251
8469 5672
12816 2927
8368 8138
11346 3048
10743 7415
9634 4903
5879 8249
14 10591
12182 8974
12389 5899
8496 11865
6075 3477
3728 10385
9271 3846
1565 10052
11096 3668
1953 3774
228 3954
11912 11573
635 2517
5216 3903
1053 4728
12151 1066
1547 10561
3673 7569
2688 12169
13067 2396
9279 3023
6414 12183
502 1613
8463 11597
5280 4049
9005 5507
1637 779
10713 2271
3295 2158
6173 11753
6885 11958
6452 2066
8747 10125
9634 11435
2156 2564
7464 11434
5586 107
3479 6088
1719 11941
11318 632
9624 185
13543 11260
963 10484
13530 11663
12641 13337
9644 13160
11523 9729
8859 132
6082 12126
11566 8237
918 12664
13304 138
6404 3011
6225 1756
8586 11176
2387 4438
4995 2158
1926 5957
6275 9089
11253 12550
2288 759
11938 7444
10488 7025
7576 2798
5379 12775
4669 13702
11667 11606
68 4299
8251 13697
6054 10470
11101 2074
1136 2324
11636 10466
1915 4140
13188 6801
2918 9110
7560 8489
2782 4276
9147 3991
707 8159
2995 12780
8089 8295
10615 8156
6228 5094
8081 5915
1792 12816
7989 10332
8773 13258
660 10687
3626 7481
3717 177
2819 4910
2299 13006
9185 11445
3225 3525
5833 6219
2534 150
8148 6782
1940 604
11875 10020
6518 7300
2698 8140
11265 11471
7627 11924
2020 4886
13038 13141
12468 2086
4279 995
1320 7097
6074 11949
4256 11906
11802 6789
5689 6178
13570 1262
6781 5307
11282 6932
6240 7613
8706 11138
5312 9966
2924 966
8485 2190
335 815
4275 12019
1810 12999
12749 1517
11177 3233
13422 9207
10021 12744
1613 3453
235 2027
2393 5150
2592 2266
12762 4931
13403 11708
1125 2555
12673 3244
4745 6641
4058 2653
12293 5867
1881 11271
1017 6691
732 667
9531 10753
7045 11143
7839 913
6803 3866
6062 3028
6131 12457
7959 5763
4027 2717
8317 10333
5960 6695
10608 10018
9348 9129
9518 4862
6628 10535
11552 7360
4835 7311
11746 11879
12087 13218
6425 12523
3312 12486
1779 9443
4806 3371
1434 8832
6088 3384
12799 5681
10079 9635
1927 5655
4992 11445
10516 5254
1842 1930
12613 6676
9240 4221
12189 1189
3667 4842
13711 6979
3557 9123
10055 1996
6128 11488
4461 5849
1100 3488
11529 4812
6756 13456
10466 5382
4763 844
10635 6604
2773 9476
13279 12012
7330 11696
6834 10996
2767 6773
11608 13728
9530 7891
9357 1886
5607 46
7734 341
10939 5491
5152 11328
12580 9252
2938 3571
10095 13572
10174 12868
2910 9682
4742 10239
1240 11576
7464 4006
11982 12705
11367 7740
6825 6952
3259 6065
632 4626
39 5204
3751 12596
2760 2559
8076 5698
6130 11804
5498 2532
10900 8408
5847 1871
12280 7087
7080 13377
4726 5290
12311 9727
6664 12769
10312 9922
5062 10943
8182 12506
9780 11932
11330 12540
719 13039
11871 482
11071 3597
3014 8200
5638 2494
3704 4147
3214 4417
11157 1574
9706 9696
11300 10003
8693 7840
13559 7389
12417 7969
6123 8425
6129 11086
827 481
3987 12697
963 1286
9928 11381
3119 1794
103 456
13345 3317
4872 10731
12295 8212
289 9823
4443 8982
11296 4230
10004 9941
12198 9760
4595 11960
708 12826
12441 4694
11752 13403
5979 7908
11012 9098
9701 11114
3187 2909
8064 8059
7273 6587
2499 7561
10043 6941
10176 7568
4805 42
3737 3231
9801 1965
1420 10508
1020 89
1430 6405
7125 1043
541 4365
3774 3875
9112 6960
6783 3405
8652 7689
3625 11150
8884 7302
11725 5288
1098 2758
5330 12239
13393 8764
433 8446
5501 8857
2168 564
1490 9292
9011 9435
13656 12784
13309 2631
13378 13726
13440 8258
7643 3293
5637 2755
10594 10995
1677 5325
7386 640
3793 7007
9403 11630
9087 8537
349 11254
9101 9243
409 11745
4906 293
10758 4443
10328 10364
11802 9996
4850 13079
13289 4120
9467 3745
1343 11143
2704 8728
5416 6496
9369 1048
11759 4684
9584 12107
9571 12318
7578 9979
3926 6117
3906 912
4193 462
4909 2224
10458 3392
8936 3609
7512 4631
987 2488
9408 3690
4850 1052
3819 7852
9504 1806
6169 12722
7546 1968
4902 8757
11947 8827
1102 9486
9738 5295
9947 8280
1152 6633
11672 10087
3875 12817
8351 4862
1533 3987
2185 16
12444 6004
1501 8176
1443 7669
7126 8989
9637 12028
3974 1446
7083 5076
10931 10455
4004 7106
4963 12560
7373 2863
2509 11247
1908 10859
9742 10846
8480 11927
4495 7152
4159 5996
1556 5601
13664 8682
8223 3163
572 12197
4608 7654
10906 9172
4337 8543
2507 2934
7331 3513
5796 3473
8393 1338
560 4364
5817 2673
2519 10311
9824 311
2535 5014
13316 9833
7329 7768
12995 7900
13598 11237
9187 10732
6637 7158
12908 2777
10091 101
6289 2115
3573 911
10857 11537
12679 2902
439 1426
6847 3896
9141 9381
8909 8685
12847 2466
10086 5705
10365 9912
3170 5781
506 9806
6572 7047
6217 2891
7147 12505
12410 4353
7049 9496
2119 5956
6031 9962
1015 12877
86 10155
2121 8995
12474 1196
5094 8788
6900 1688
12334 3703
1102 12839
7143 7673
13520 13359
4197 6895
12092 2835
11248 12775
12330 7000
4959 4590
3190 5974
11100 10680
9762 13220
13308 8464
645 4631
3481 1178
13723 9448
4881 8458
8515 5657
2359 8263
5244 189
8792 10969
3023 13673
9972 8987
6901 8565
13576 3724
8172 10904
8037 4162
3987 7574
12626 4631
12204 9740
13213 5789
5416 11727
475 7564
3612 10238
9461 2489
10426 4481
13458 13448
11787 3292
8663 4916
11856 2101
2273 6256
6639 10309
10418 10625
11516 2906
1484 3582
12645 8330
9370 11694
6286 9844
5486 3531
6310 1175
6020 2964
13060 5706
2641 11075
8997 4937
9624 716
7038 11896
605 13676
2068 11022
10529 7217
7561 5646
10799 68
204 6397
11761 123
2470 3476
3654 2413
12055 9673
5377 11344
9012 1651
8647 4237
6587 4500
12357 7258
10029 12962
7162 12096
3846 11324
12947 11407
3198 9974
11474 10807
10004 3098
4563 6107
6573 8216
8520 4856
4117 7530
2428 13128
9180 4709
10999 9400
9208 3218
2887 5465
2408 3682
11195 13659
1235 4004
11294 11837
206 2630
2506 10209
5727 7069
2545 5933
1513 4698
10789 13035
12227 6850
6025 1269
11558 10657
10668 628
104 7188
13498 9916
10870 4555
9803 5738
8558 7325
3803 2397
3589 6309
12605 2949
13377 8783
8882 8523
13480 13304
7786 11935
16 7445
13203 5208
4330 3734
5835 4433
4555 12966
578 9058
3749 10380
1024 5940
11339 12232
8336 8561
4769 7170
11509 11779
2181 253
164 9295
13556 7950
7458 7206
1623 524
12413 13357
11662 4476
4019 2445
3671 12001
11503 1053
2243 6160
6993 7215
4620 1557
2004 3022
2360 7147
8434 11946
7399 8598
7469 818
10181 8560
8023 5437
9083 6664
5022 607
4773 2674
10457 2077
8308 1822
3130 10551
7981 3756
11399 6235
5312 13403
2890 7672
6778 11324
5846 405
13555 6948
1222 9964
1736 2878
9034 4453
9541 284
5059 543
10363 1744
2619 4899
3565 13153
9083 5180
3137 6711
11414 8449
6342 532
9754 6753
5489 9233
791 12677
2409 9418
8869 4144
12295 11536
8596 8065
11820 7289
2241 8411
9032 4859
6943 6231
4241 2255
5044 7377
8965 2686
9459 8940
10622 5441
1921 9745
8307 10116
8650 10715
5762 11153
8493 4286
8917 10722
5984 599
11644 8224
2643 539
6716 9586
6769 4590
5474 11812
11967 8072
8131 1288
3240 12386
363 12565
8359 8669
8909 10643
13018 8305
8024 1373
6224 10574
12094 12207
11173 3601
293 7449
4139 7008
3263 10907
11598 8736
2581 3427
10441 4345
4714 13680
2959 5076
6107 4952
7379 8650
1823 6625
3183 3480
7997 9406
7687 13724
1475 12493
3553 1767
6171 1325
8774 3067
12231 234
5437 8445
3660 2106
12789 2008
2015 9382
7083 1755
562 8095
10404 9789
948 7220
6902 2578
10259 817
9936 11733
13310 7122
13499 13114
8447 2136
2409 540
2369 7845
2619 13434
9951 1636
1670 5599
11017 2386
7353 5212
10481 11391
1229 5062
4839 8130
1274 8732
2581 11209
6693 9524
11964 6421
8866 273
2190 11274
8218 11963
12753 10836
11625 8932
6105 6928
8164 3351
9314 9150
2196 6023
6769 3425
11084 5242
5188 12357
202 1402
3428 528
10925 9026
582 6019
9298 2771
10927 3744
963 9908
808 6221
12473 547
13149 6865
3897 8691
9648 13497
8347 2646
10555 13064
1521 1972
5284 9127
10778 8711
9654 7932
11370 10236
179 6897
6640 4739
4274 7602
8280 12487
7457 6981
13033 6834
7479 10563
9158 3356
10288 3733
13406 706
10430 1155
2677 1942
3915 13454
4287 13568
1248 1885
10032 8832
2415 2901
13570 6689
4136 8079
12809 11592
8693 5704
12059 2401
2495 7445
5756 6416
4811 5390
7121 1470
178 3431
3411 4092
10519 1331
11293 11766
3216 7554
6826 13035
4088 259
13357 1857
8337 12394
7083 3258
4326 5370
13063 454
6449 5047
6870 11259
4070 7624
6362 11652
11055 3407
9377 1436
4737 6899
13201 1586
8086 13661
850 12173
7553 435
7663 2118
6463 8379
12780 4422
13749 12072
4876 60
10752 5379
4952 8456
13002 11314
6336 3919
949 1942
5354 13090
2474 12189
905 10559
5712 9159
2594 13264
3227 10256
9015 3323
4864 8023
7745 12246
13728 12620
12305 4343
11632 3485
6432 4496
8432 6401
8415 3014
8342 7402
2333 10815
5819 10642
1236 11530
13434 3829
4656 10294
314 13670
13617 12582
1556 7590
11056 1512
72 3223
13259 11703
341 5919
9832 2407
12320 4475
5420 524
11877 1386
4973 11329
5661 6208
2722 12728
10037 7377
9251 3984
7276 9096
10199 8831
10319 1117
3976 10390
4339 3464
1955 12084
3016 11786
8124 8969
9895 13544
9493 1634
8563 8099
12962 7858
7940 1912
6814 11610
9289 2293
1822 10198
5022 12020
5257 1569
13136 2866
5592 11108
13734 1180
3055 2979
6600 11178
5581 2723
4584 1302
4356 13147
3034 10951
867 10974
12863 7680
8812 2014
3607 4268
5845 2262
2516 11101
3831 9286
7600 3056
256 7563
11641 3310
4175 4469
8122 9755
825 12705
4691 12585
5714 1358
9764 6580
12331 2489
489 1006
11907 11500
5273 3980
13761 1422
1309 11225
10707 2543
510 4597
3739 5784
1540 7913
10252 9661
11301 11076
8595 2220
3523 537
3578 13286
7117 9542
9409 1239
10547 7544
12738 2048
11524 6361
10875 6466
3815 1444
9008 11729
6040 12746
3741 7580
521 7626
10874 11822
12335 5697
7675 2086
13639 4886
9005 618
657 4642
9261 4837
12186 1861
519 9938
8221 11393
2632 5669
12836 5274
3626 12510
4248 1000
13723 4769
8625 10825
10224 822
10156 4127
2907 10023
9013 11912
4274 3303
10187 13534
1773 8601
1623 2291
12172 3477
7317 1033
9146 6382
13711 6405
12525 4187
7405 12476
2589 9663
9529 12812
10485 13318
10573 7025
3203 13219
12570 7476
10155 2620
872 11927
11220 2494
447 9621
13376 7763
4287 8750
7778 4226
8788 6531
2046 9826
12640 12040
5718 2032
4714 9836
1578 1515
10494 4781
8367 2927
12256 4750
5546 13128
2906 2994
9255 3352
6248 8859
4748 4168
11242 12526
2027 6259
12690 11478
2313 5193
9746 1664
7224 8093
5133 8801
9608 9261
7215 4203
12187 13105
8953 3961
6095 5492
588 1578
2477 470
4071 7224
12042 8946
13383 7703
8838 5936
5409 4785
11128 8788
82 4580
3109 5215
7014 6350
704 7863
4187 12890
7196 6773
10484 13290
12264 4705
8501 969
5174 6205
1826 3445
1380 8843
4781 3851
1007 10189
8635 5768
12610 8717
10347 9352
7565 10994
9336 8268
5085 13522
1020 5914
6523 5137
5432 12420
9841 7567
7022 1244
13771 8847
12093 8784
3918 3102
6269 12329
6924 1132
4325 13167
3482 900
2381 11046
5528 11716
12947 4246
11466 7600
10160 11622
12736 9225
10270 2440
3020 3520
3683 10425
6001 9409
12842 9918
6144 5339
8476 6701
6471 12800
13501 3586
7334 2110
861 6495
55 7441
10740 5154
8675 762
3005 7639
9987 6908
10078 6640
4062 7394
3293 10062
10436 2364
13613 10213
7702 1951
3142 7806
8385 2871
11392 1947
4981 5886
2075 12440
6960 6448
3822 1863
7210 6826
3136 10830
7368 6847
3698 11429
7875 625
7719 4539
10393 1194
981 11728
3145 11527
5763 11529
627 10788
7109 13012
10307 9183
11680 3495
9264 1730
12763 2702
2190 2127
13531 9557
8973 10863
848 10481
5121 2200
1249 1742
3393 9634
13469 171
7389 12865
11699 8015
9881 12441
889 6416
1486 12568
3545 10750
7932 2536
13451 3755
12067 6845
6945 902
11341 7792
11383 2690
9991 12631
4431 7017
8493 11533
7188 9515
10627 12520
3759 370
11190 12052
6786 12675
4483 3964
9653 6048
133 2967
9802 12199
9811 10380
13100 1014
4400 10711
3703 8024
3204 1767
8674 5330
6933 2090
1074 3788
839 12237
4158 5662
10517 4577
4565 8633
2174 447
909 2306
3413 4344
733 6857
952 7466
1504 12756
11811 12611
642 1243
606 9316
207 1172
5039 1280
4960 13282
7150 2751
5172 11300
961 9737
6162 3134
3817 7070
12844 863
5048 13576
1353 5999
904 2856
4984 12714
1695 13030
186 9705
8574 392
10876 7247
9076 9469
6757 9859
12219 5563
7387 6813
1528 7182
3580 12749
7886 2652
13611 12933
9861 1192
5160 10765
11452 3777
9707 13146
3036 3526
2713 5243
11322 13588
6123 6626
9286 12880
10118 1367
12076 3734
1814 13603
10915 5393
6214 5029
8045 6053
4190 11539
878 2984
8532 12329
394 4468
5337 10834
7993 8049
2306 5544
7865 2062
5803 10784
8575 2150
5785 6879
13288 7598
6710 10431
6624 6557
9094 8302
12609 6917
6070 7120
9900 830
5677 3928
5297 4647
990 6924
12695 3295
6101 423
12762 11903
11206 7565
281 3219
673 13568
4450 1016
3862 11074
7573 6589
5604 6410
13505 11673
7164 3268
6137 12840
7195 5067
3716 8184
11990 10044
5113 4319
10466 4103
9856 1535
11667 3770
12158 5973
10972 2837
6989 1062
7544 790
7650 13147
833 1017
4683 7996
4284 10819
699 11478
2114 11819
13296 7738
8091 4637
5690 12191
2373 1774
13725 7673
5544 12111
13646 10149
8581 6863
4844 2353
7652 6127
9134 2118
7143 45
3748 11427
4497 4446
2767 244
2493 9696
7981 4217
561 7305
2636 10338
2712 2589
4240 1889
8334 4114
12037 3143
10976 3109
12901 12261
9235 8263
8012 2607
1941 11759
7667 6437
2433 4067
314 12330
13763 1929
2776 7957
9233 12816
4524 11944
1634 2397
62 3601
6510 5732
6743 11119
8841 5872
9608 4304
7768 3848
544 9708
1836 1844
9778 11673
5911 10092
3866 13307
12020 275
7492 1115
13090 5649
6692 8357
8045 387
11957 8188
6119 12334
5535 1188
4434 1371
12896 12202
12624 7074
1772 8093
8917 11550
13399 8461
1504 3493
7996 7157
3767 9122
8271 3086
8404 1191
5076 10083
1578 3262
4499 7696
1824 10034
2517 13662
5038 1641
5726 3890
8714 7498
5616 11265
12681 5244
5954 413
8736 7584
7569 6137
10339 2068
9222 4971
10663 526
1282 5874
11192 13186
7203 13015
9448 9719
12906 714
4994 12265
4604 7341
5991 10219
4834 4900
9096 4422
12717 4061
12005 6514
10197 2206
2215 13052
7176 12878
7211 2092
12385 12037
1506 5817
11280 10953
9169 4048
5300 7796
9947 9903
1366 2166
13756 13604
700 9080
4254 13416
6774 9892
6159 10604
12097 8373
3518 12907
1113 10729
8632 7132
2628 10137
6582 136
952 1979
11589 6251
3409 7764
9788 4774
3563 3406
12011 11667
6119 9899
11312 12893
13424 11104
3359 5384
13110 6877
4519 452
11239 13150
1217 95
3149 7798
7635 11505
9776 12857
3984 13184
6849 7405
11591 4046
10810 3465
1941 3158
13363 6886
9684 13015
4218 13042
4627 3557
6147 2779
11413 3614
9562 12629
3708 6344
6655 4977
4077 10064
4062 1695
3111 4545
9099 8335
8590 6138
11799 4164
2929 11390
11050 12612
4268 1496
5516 8894
12457 11663
5307 10098
8910 1097
8955 6252
7441 9243
11228 5151
5536 8923
6845 2280
13467 2173
10614 1919
1944 8642
6083 4872
6260 10766
11117 10527
12261 2861
13055 10947
8157 4590
907 10701
13091 9862
3181 394
12738 8042
5545 4502
3193 12389
6781 2889
790 11029
4807 2733
5899 4523
1238 5792
1517 5988
9953 7412
2483 2870
11992 4273
7459 12898
1202 412
2622 11787
806 1589
6057 13755
13495 9250
12372 139
5772 6796
11167 4212
3162 10699
2369 11805
2719 3885
4021 6305
4930 6503
9174 3150
10776 10266
9682 11977
10678 5937
9993 5117
7525 9683
12505 883
12566 11105
8426 11971
11534 13226
2412 925
3787 4780
12729 139
2298 2978
6444 7228
3115 1846
4011 7524
5746 7326
13134 10057
13263 2989
1402 650
12672 135
8937 5100
4873 3591
3300 2636
10450 5711
10965 465
4124 9922
604 55
6533 7047
916 3281
2526 12332
10804 8271
5886 10167
4556 5377
6789 13362
6027 5689
7130 1192
10789 5637
12188 7722
1906 8866
7066 12870
9331 11189
2654 9934
4877 2820
10614 5793
6101 6773
11758 10538
1273 3872
567 13233
2883 7356
6458 2543
6678 7221
3734 11100
12857 9555
5050 991
4650 12115
7494 7614
3166 10147
11181 1677
6601 8023
1103 6335
1024 12860
10506 9701
2960 11073
2797 13247
12062 9254
2018 12373
2703 13157
3336 9194
8940 2019
3818 7223
363 11312
1065 10933
1321 12245
6243 7921
130 7345
484 8559
6433 10990
11893 3027
1925 918
9907 7620
3805 11925
6221 142
11310 9556
9335 6478
11575 13152
13701 5571
4326 8399
10137 5647
507 2609
13567 636
3587 7685
2828 3654
12308 950
314 7866
9272 10220
1714 13077
8373 1568
13218 5911
4758 2415
6023 9966
9200 5952
9170 13526
579 5535
5401 1085
1777 12601
9126 12769
148 11953
2651 6089
6536 2964
183 2037
13183 9301
8747 1419
10869 1827
7329 1855
4241 13351
5454 13440
12936 852
13194 7149
20 12228
8233 9202
11058 10992
8199 4839
2808 10849
10928 9343
7446 11110
5013 491
274 7393
9314 11142
9219 2872
6630 13459
9856 12083
6762 2655
12934 13589
9803 6587
12046 11669
2017 2966
8890 10215
1438 5331
926 12365
8307 2005
3338 13320
9901 3611
575 5443
8386 9794
1948 8649
3115 5438
6960 3510
8092 13527
3328 4123
6342 9007
9425 8359
5606 11948
12207 7043
3507 6767
13042 11814
8771 2608
4996 4900
13623 12975
10343 8237
8997 5924
3114 12112
11361 3707
9255 5681
10867 12582
1451 12862
5429 7056
11038 11270
7733 8179
4265 7003
13626 13035
3244 12255
11569 3095
11458 1774
4965 6684
7697 1712
12429 5287
5418 7912
10967 2513
357 8038
13354 1807
7128 12417
2497 11799
9915 10229
6206 7813
3460 13465
710 337
11948 12278
3431 9635
280 2029
9952 1611
3740 2243
6897 2791
3788 11497
12708 4144
5763 12290
13356 6524
4569 2081
4552 8117
5943 4391
2158 3036
4085 2868
3372 2261
8779 436
5529 2693
2464 9114
4303 6203
4990 4833
8993 8778
2558 7929
6555 1955
81 13544
8478 12055
9258 13029
6400 8834
3649 2192
11869 1367
12464 8874
11032 7471
9309 10195
3797 11772
12942 8099
11608 4161
6565 463
6572 9123
2025 6760
11077 9511
167 13188
7794 9424
12446 7827
4487 9728
3652 9989
4728 2344
5092 1988
3449 629
12182 879
6035 11353
8978 11276
9147 1771
5373 9352
4527 7397
2340 9237
3136 2506
8654 4563
5564 962
6024 10050
4323 9675
6267 9050
5653 11358
11037 9101
5621 3082
3613 5289
8068 6224
2793 3443
1629 8165
12794 6155
9196 8767
9026 5965
11273 3908
10528 10470
12274 10185
6748 2825
6088 6648
11874 11740
11640 2773
703 10894
13259 11721
2411 7555
4173 12608
4631 5801
636 3653
11956 3465
6054 844
9429 10960
4751 13590
7658 10658
10003 634
7116 9725
915 5218
1327 12554
1624 9435
9676 1112
7384 5720
8666 11556
4557 13297
3586 12597
10583 9175
2290 10270
10018 5352
7458 8402
5171 1344
5288 8807
9382 12403
4760 3931
11254 13492
2713 6511
9155 6023
7622 10172
11742 9922
7956 9932
3081 5175
2391 7297
578 4680
3796 4229
3666 4887
12630 8836
13636 11551
3871 2880
3816 2265
6810 8703
1985 3157
1443 4773
9179 9064
1173 783
12619 9128
4349 1928
532 6739
2859 8514
5053 288
12743 8718
5174 5235
11187 5038
3015 8691
1552 6830
10955 8361
1762 6573
11517 3204
11345 558
5901 12517
8746 12154
7874 13094
7715 2039
13466 10573
4186 12152
4494 3157
7098 9668
8392 11918
8339 5040
6838 9890
5503 4021
4480 7264
10594 9630
4101 8167
3822 3636
547 12567
9423 2054
5523 3366
4092 12622
7573 8277
11003 12066
5068 11734
7962 7093
9881 9935
12132 2947
6053 11268
601 4166
4761 4828
7430 2495
6629 11251
13535 7175
3680 9186
9228 2836
6186 6953
1686 13758
8863 12688
12052 159
10651 13648
885 394
9811 6650
3340 9497
4147 3940
7297 2541
2402 955
5035 9030
5839 12204
2433 3152
1252 11660
5987 7437
12246 7672
7423 7337
223 5704
1130 4507
12985 2014
4900 2658
8664 8239
12154 6444
5812 13084
8984 1847
267 7652
10876 13510
6084 13308
10295 7336
4830 2510
1001 3304
3816 2058
4275 4038
1395 5404
8544 608
7417 7077
3265 9714
8949 9052
2386 989
8365 11369
2836 2265
12655 7345
9409 4967
6882 5932
5936 5345
8442 571
2283 5891
2628 6557
3562 4022
11960 5739
4629 13010
12815 1527
8953 7992
4212 4972
2614 6210
9975 12854
8475 8858
6428 4112
7458 6943
3677 13394
5921 5752
193 8203
11642 2820
8393 1432
475 6581
804 12508
13225 13618
263 8406
1472 11879
7011 4086
4318 3214
10573 6426
12071 3229
4171 5758
3805 7847
12785 9726
13599 12977
11562 5103
9430 6184
169 9904
6398 972
8640 5851
8224 2536
7890 9695
643 8535
9 12365
11748 4216
5019 3682
7444 9189
3073 4883
3265 2086
837 10497
8696 6032
1828 4354
5849 9401
7891 12247
10373 10164
11731 4825
12699 13255
748 6975
8018 8162
5569 5994
12377 4221
3309 13454
13410 6381
4565 10308
8466 12806
667 3390
5067 2494
1377 10915
5529 9267
3024 2130
5659 8389
588 11991
7872 8740
12600 2118
10535 11802
1745 2774
2251 5054
2457 9294
11434 655
5830 13534
7095 6496
10557 5795
2624 5568
10343 8152
8468 13367
3915 7761
7984 4502
5980 2084
6875 12213
11606 3639
10243 13350
6412 12494
12037 2502
8016 3334
3157 7480
10501 3885
7609 7286
9679 3866
6487 6250
5651 1184
5845 9565
8944 7462
7700 8557
3179 804
6999 1013
11847 3470
7997 4487
9597 6262
623 3842
9595 11184
4955 6324
1297 12563
7244 10975
2658 13730
3453 8308
8547 2932
11507 11124
4027 5435
5910 840
13643 6542
1852 5352
3645 3482
9839 13242
3378 4095
10717 12972
1507 1900
12930 2803
8096 36
7411 4387
7399 4497
6329 9580
1062 4064
6932 5089
3132 6475
5928 10409
13016 1413
1989 2890
12300 5461
9765 1906
9555 344
8511 4695
9648 1303
1131 3972
1338 8541
1993 2371
6672 8321
11950 7733
6018 5110
6455 9149
11585 6016
13191 4463
1063 1409
986 13362
503 10750
1496 3692
4727 10006
8386 603
4943 9517
4575 6280
11691 201
2284 4591
8521 462
12324 767
12977 5007
3549 10790
11023 2969
8886 5719
4377 9872
5309 12284
484 438
2204 5211
4077 10590
5813 9019
6335 4021
1528 11659
4221 11216
2479 12741
11678 1031
7141 10883
13442 10690
1535 4327
13658 10420
10045 11668
154 1582
10180 638
2019 6018
5848 6096
2836 5294
8748 2804
2949 3909
691 7169
1354 3169
13544 13031
11604 6913
10142 11275
11236 5310
1830 4756
1958 5509
10057 2112
7090 100
10154 2743
6117 9635
2472 8952
1157 11219
5389 4105
1357 6079
4908 2710
2882 4680
9374 714
5226 13149
5622 10096
4687 1086
1080 278
6594 11137
9794 7317
11236 6176
3693 10986
2039 6164
6166 10601
11017 11554
8339 6007
11266 13246
8716 376
11559 11723
8495 10419
11100 7750
6743 9420
8835 1456
9697 1657
6226 5720
2608 11095
11895 6300
8309 7568
6098 8108
4397 3343
13295 6369
9349 10790
5844 11698
4799 11036
9649 6927
7683 611
906 8059
10030 9740
9515 5955
5031 1969
5308 1272
6698 3432
7571 1235
4633 7302
9343 2663
10644 8866
9031 13626
13289 1103
11552 11722
5773 1063
4877 13455
9078 13187
1377 5336
2790 10891
4925 1454
6493 10232
2725 13190
7297 3929
8059 11929
11231 3630
820 1737
6129 9851
1592 13052
4587 6777
11002 3993
1474 9512
11082 10551
8928 12458
9521 11717
3211 674
13170 3337
10905 9528
10161 11836
13456 4448
9993 4549
1711 4447
13691 1473
7931 1511
753 6151
1921 11754
10144 10799
1129 7454
1213 10056
13545 10733
1635 2984
11406 1033
6320 2173
4194 2709
237 11283
790 3864
2061 2500
1944 1980
3973 3508
10895 12130
9658 6449
3747 13435
3477 4875
751 12094
1159 524
9055 10198
10912 323
11230 10866
2495 9057
7208 10137
6568 7998
7634 8628
4131 9577
4241 1737
13084 1364
96 2604
1447 11247
9673 12328
2350 10423
10650 10913
4581 5933
7339 9126
6255 12202
6220 2383
7487 7062
12519 283
1288 15
2545 12823
3225 6785
789 9942
1783 8289
12546 3229
5764 2081
1785 1747
12503 12434
12659 10717
12000 13631
13477 4483
12061 5925
499 13181
6620 13018
13463 7907
6666 9641
593 9891
2655 1381
6061 11842
3303 4835
8704 2700
6915 4122
4446 13052
2784 10738
3631 8417
10597 3336
12899 2520
2895 7031
1929 9514
6277 9025
11055 12943
4895 11647
9062 1183
6661 8756
13024 9963
13591 7956
12662 368
12077 10741
7053 8494
7707 10684
3139 11937
7653 9671
685 10547
2930 2613
13695 2841
11637 10978
9417 10165
8853 12112
11347 1742
7096 10599
5338 549
12188 11633
8322 4127
2236 1603
6254 9942
5920 3026
1741 13573
6330 9830
3982 2894
6076 3905
5734 11346
1111 8784
7740 3597
758 5315
5338 7853
9548 4309
2036 1598
2170 10357
5725 4405
5593 11978
7980 11513
8638 3354
4948 1196
13183 8929
4089 5487
6468 3456
3062 7578
12239 4435
11175 12996
9749 10146
712 12930
8089 2747
757 10258
6737 6481
8297 12329
12092 9910
3704 592
13264 8651
1788 6309
11214 5876
5430 3910
9332 8491
5121 1433
6559 2524
8063 2536
6304 8774
1695 621
5154 9856
4512 5524
9970 6442
11486 1924
2581 1419
2516 9478
3703 4303
9420 1145
3812 1078
12459 6777
3202 3809
8210 9760
13737 2501
12296 6269
4908 7624
523 3695
3708 5035
9218 7311
5110 566
9234 7690
1984 11749
10801 5687
9685 6450
465 13497
7527 12924
6502 10729
10366 940
6717 10331
10845 12646
10234 9386
132 10756
13080 11244
9424 2160
4783 763
2726 7651
2086 12114
5628 12887
11434 1542
5565 5533
1267 6725
4685 1402
3682 8684
9747 4033
5243 6820
10312 9110
9840 4078
13500 2782
1550 2786
12347 13738
3548 1301
7617 13039
7048 6878
12154 4711
8419 11352
10243 3319
11710 8561
4721 9026
3473 8101
6692 2349
1149 3232
5093 4622
7309 4821
7404 2493
7606 5979
9864 4788
913 11114
4055 1594
4220 9842
6304 6273
1056 10180
9591 12765
12374 7945
8019 9480
2274 939
5463 10828
11576 10555
9083 12518
9009 2715
8644 2843
2327 4736
7630 10644
9483 5318
12238 13703
1388 12175
6204 9848
8584 9428
8842 820
11007 10494
10300 6914
5067 1991
11375 2871
6179 6687
9022 1416
3035 3895
11663 5362
2264 12927
2234 11747
4473 8105
5312 13266
6509 5149
9342 8726
8210 11817
9545 5445
8540 13478
12359 7240
9102 3596
3744 1509
10282 12765
10329 13317
2888 8221
12312 12557
7376 774
10532 11848
2513 9477
4976 9021
854 547
3975 9063
5997 7153
737 8170
6860 6729
1638 2190
10324 5381
11104 469
4375 7661
14 896
9515 12325
13452 3119
6732 3846
8601 9244
13322 13576
11898 7809
7756 9506
3101 13753
2888 11242
1785 3381
11604 3423
12975 1790
8803 10307
2258 6811
11602 9676
1341 979
8229 1021
4098 8595
12272 6332
11472 5456
13541 9599
13265 7526
5333 9999
1141 1854
7469 2925
5234 5301
13752 4438
724 2418
8378 2982
9228 13613
12657 10568
821 749
5223 12323
2977 3723
4883 677
2812 12057
3909 2305
5811 9242
12303 585
4729 13405
10915 9963
12339 4529
8034 13063
6946 10045
2273 9808
9887 8563
6604 4341
2945 5460
2892 13326
2816 1408
7637 5628
13464 11545
7932 12909
649 98
7127 5378
13502 4270
8974 12070
8799 3236
11361 9378
13280 7267
5414 3029
9463 5652
7369 6042
11111 3894
5596 156
5301 6866
13188 12399
4640 982
11536 12693
1079 4891
4299 810
2795 6906
6513 5227
10141 11507
833 3284
5002 13652
6312 8098
5532 13681
7773 2871
3803 13369
10431 2738
6463 9847
1365 4736
10829 6534
3658 5541
5058 1590
13755 1486
8496 6496
6712 4865
4231 1179
1782 2866
8464 8094
4598 224
1637 12370
10499 12844
5601 7159
1810 5698
10639 10579
10433 1330
3341 7724
6871 2033
9314 488
3518 4038
6984 3864
2536 4848
12447 11723
1348 7139
6045 5945
996 1315
4543 11494
387 10144
12286 9602
2070 2788
43 6136
4117 10789
89 4621
12821 3036
12514 9972
7073 5726
64 3242
4207 6144
1193 5554
13282 871
11498 7911
2185 9675
5634 9977
13452 11553
13212 9155
569 13254
1519 12091
10271 9012
10345 2954
12047 9087
12926 12753
8446 12989
2224 6287
5362 10821
11840 12277
5326 3201
6417 1144
6509 5684
11120 6189
3465 4194
1572 11439
3677 10495
3392 7581
5736 7370
10535 4011
2686 9689
2993 4765
2540 12621
11051 7901
9670 2754
41 8629
5954 91
9773 6096
5774 755
12284 2872
4949 7489
539 8625
4212 11335
9839 9947
4934 6602
187 1253
2519 10584
6017 5059
9433 10702
6593 12736
13455 267
7594 13042
357 3595
5366 6130
4349 11283
9002 2931
5000 3174
5189 2845
8143 1257
12792 13076
7858 6612
557 4011
3424 6573
9069 6490
3503 9295
5454 10591
9562 13047
9861 9918
10275 1455
9682 8258
6371 12317
11188 11370
1719 2606
7849 3495
3862 503
2799 5353
7114 3355
9363 4171
3562 12065
4294 698
7589 9747
11289 10784
2657 1012
6930 12931
2467 10245
7417 2471
8790 12239
7475 4143
8478 1552
7637 12339
2054 10436
11325 2801
7424 6917
605 10985
5210 4898
5317 6432
8278 2834
3444 10934
3845 10374
3728 13716
481 4778
2416 9271
3245 9890
13413 11722
5075 7278
3923 7128
11347 1477
3562 5000
2027 4166
2213 7236
9063 7529
7302 3569
3996 10745
8137 1475
981 11864
1419 1462
2870 11239
10732 13520
991 4007
5104 6065
11284 9027
6826 8860
4137 10387
7493 13568
781 3339
666 3477
4502 7967
680 8497
4941 8816
3605 13326
6908 5024
1016 3411
9896 5381
3159 10887
9387 8263
10585 534
10923 3640
9393 8693
255 10519
8489 8441
86 9154
11917 4587
3350 12596
6718 1924
1274 10322
1478 1815
8979 2494
5226 5104
7874 2018
2219 10895
3914 12803
11428 1065
10076 683
9757 10331
11201 4474
12405 11286
7262 10550
9507 10611
3009 2453
12534 11687
6408 7645
13502 1616
10138 12361
353 11646
607 2571
2403 4521
9007 59
12990 12717
741 2610
9276 5575
717 7909
10494 7978
12092 6229
12222 8734
2315 4618
6650 2357
12263 14
3972 2263
12374 4324
7542 6614
528 9944
4768 3168
10002 3987
2113 4376
230 5022
9950 946
6564 6673
2558 12290
6535 1008
7252 2484
5626 7535
4840 4117
7548 2445
6379 6150
402 7555
6398 929
3727 11165
11501 7363
8785 13614
11738 9014
12269 1551
9960 5062
1857 12517
3580 2025
7158 4465
4508 12783
12000 2981
10533 13181
5425 3141
5560 5826
10695 11957
388 8055
2984 11889
1646 11769
5365 7018
7011 3862
2202 10604
2557 11463
2983 13541
13487 10141
4235 11629
2786 9868
838 13319
9277 13668
2688 8470
5722 7016
289 6110
8704 3273
11632 10350
1270 3225
11001 1914
720 13202
12518 3277
4527 9134
3046 4242
5503 914
9504 8289
4415 10342
7836 13692
10238 4157
2024 9593
4806 2313
1931 13509
5585 13562
3721 488
10420 950
2401 11140
7785 8552
645 12311
3915 11095
10187 3051
5643 5919
4973 10057
2489 6442
3611 6360
10598 5635
2182 9037
1581 11517
2409 7165
4942 6129
1286 1590
713 3686
12729 8497
12238 7007
671 9786
4331 10857
12836 3607
10409 11443
13663 6532
4113 3503
12891 8345
2771 8706
3610 4351
86 13423
5149 5027
5781 6434
250 127
10119 12979
8623 2219
13619 2927
5638 11583
7417 12108
1418 4055
9779 1310
10586 120
12217 9705
2098 8621
12045 13113
12971 12130
12764 11753
10790 12178
4415 11039
12304 8167
3880 790
4020 3728
3716 9657
1539 11133
7993 2957
1416 11405
11671 5635
5159 3750
8973 7256
6004 7246
6597 5203
13009 12995
10589 10027
11401 1232
7295 9934
3032 11174
10723 7051
8535 8072
10342 10074
12838 11968
6664 7887
9602 11968
13521 8394
9351 8723
1878 1583
9602 2109
419 8840
1332 11007
5095 6366
5872 6023
9933 8903
10831 518
9588 5594
8590 13563
9301 7656
11759 9598
9177 1223
7794 8926
9616 3373
11282 5128
4955 7113
870 5373
2181 9606
10013 909
2200 2113
566 12133
4650 11396
12650 466
10623 1102
7662 6153
2392 13054
1979 11568
506 3407
356 3755
413 11638
2516 5368
4979 3385
4374 793
6624 616
9106 8824
2728 9671
819 1011
929 7102
1476 11552
8204 2771
11338 4229
2054 6950
2025 9964
3990 2380
13718 4403
7651 9868
3404 12629
6886 7777
7055 13510
2026 2390
8562 12159
5694 3014
13169 6623
10115 8279
11808 11952
11049 3008
9814 13102
3591 11838
9294 7581
7852 2875
5617 1731
6376 9020
7994 13261
10430 1277
12999 12456
11071 1423
4477 2994
4436 3874
3250 8185
5786 1286
13770 10469
11698 9813
3433 1517
7879 6361
2731 9364
9235 8347
4729 1839
3595 12722
8733 7659
7632 7961
6343 4932
9383 4453
7925 7453
8326 11174
1866 7746
6093 1864
4443 4019
11676 7875
12940 13189
464 1900
2415 3332
10246 7143
12575 7475
13498 7537
1362 7359
9131 7704
5924 4742
12156 7482
12194 344
12289 7693
1723 4610
9557 6165
2262 7461
7674 1430
512 8137
3329 2927
5103 13575
3703 3906
912 3430
5076 2273
4422 435
9976 10345
5177 1994
4055 11004
9742 9977
4926 5099
815 8116
4897 10481
9210 12570
11910 9722
570 8873
6282 5672
2310 9984
3211 3221
13413 8287
5493 11468
8721 9102
8041 7531
4729 5729
12169 8104
1934 10728
13202 10153
5072 4328
6862 510
3126 12406
3865 11100
7507 3780
3000 9816
13764 13616
13036 7039
8131 4757
4736 10485
7492 6410
4245 12220
5773 2642
6552 1340
7003 5983
5127 12074
3944 5622
6217 703
4256 3716
11803 11762
7495 8436
1440 1121
8280 8109
8160 10044
12865 6529
6758 219
6572 11002
12438 12344
7277 12624
7318 508
4835 12444
6215 2412
4294 12431
3114 2184
9780 8550
7579 3504
3215 9019
4624 5128
3356 6417
1401 9855
12945 8158
10073 13151
12793 2374
5357 13703
1226 12674
439 6060
4980 287
2105 2908
6351 5218
12496 2360
7402 6303
13268 10616
1550 4120
1972 12311
4171 3372
8394 10749
5163 12100
10128 4184
702 1714
4115 1927
8021 11958
1620 6635
12244 3724
9542 12229
2576 1900
817 9977
8202 313
455 3386
11837 2426
1925 2236
13203 3952
12985 4594
2280 2975
2412 10387
4688 6526
12313 6343
4713 7567
12977 10590
11290 2381
9047 7499
4280 3497
11109 12481
3809 11563
2095 9280
7623 4019
11515 688
1604 4362
5281 3884
7337 7692
499 5658
7852 6445
12000 6198
240 11205
3016 5164
13585 5697
12662 4093
9193 3634
10208 6636
1425 12302
2144 2681
9955 13658
3368 11558
11654 2283
9075 5219
3608 3207
10876 11459
3286 9105
3885 3525
6538 535
2322 13757
13636 1213
11483 9057
12251 7919
9326 13675
6450 11469
9990 10038
4990 13357
1458 2872
9273 10533
8090 12881
7373 12599
4202 10658
1566 1721
7817 1738
2255 10138
1723 9524
4984 13205
4809 3463
7353 7769
10772 7436
5466 6990
11107 10455
209 12564
13326 9482
2959 1278
8591 10332
106 12792
7218 1671
741 1263
10813 10400
5035 12535
13557 10018
5603 12000
13481 6589
5997 10481
253 11462
3699 4993
8146 11312
3785 1334
7022 6744
2612 9246
10709 10122
1901 4155
5426 10046
12823 2468
309 4086
1231 94
7737 467
12093 7446
7055 4318
4155 941
2009 1487
5933 3788
12799 9718
5121 13454
10095 7732
8929 7032
11487 4463
4820 3142
737 11276
13014 1045
8995 7878
1139 2961
8345 6865
10406 1628
11183 790
9974 6825
9681 2135
10612 2342
11852 1961
2025 1809
3327 4587
8840 1042
9049 13660
11588 9785
11164 10830
4464 6388
12342 13007
2982 6915
6100 13387
2176 3511
7810 12149
10335 3720
513 809
13466 5998
2770 1719
7807 13501
6305 10280
771 1582
10168 5993
5001 1195
10456 9464
1216 9026
8699 4197
9574 1027
3812 5384
11943 5256
3761 2140
2609 11678
2949 2303
3905 13123
4022 5345
12852 3960
9258 7256
5542 5655
6882 4176
483 3567
13639 9103
6226 2200
13299 9434
10631 10744
1046 8802
2228 4806
4576 12241
10118 1158
773 7656
509 12199
13000 13360
2387 8486
478 1562
7774 7360
5737 1890
10926 5604
10992 10785
1437 4153
6447 12068
1126 7492
732 10758
5932 12712
9228 2278
98 3634
9933 606
2061 2795
7599 4447
4914 8077
6009 6322
1665 5379
8211 6224
4617 12837
3237 6053
3218 9684
4349 11748
10809 12486
8735 10374
11426 11596
12651 11524
8863 2446
5763 10923
5240 13362
9003 3788
7667 8645
10109 2965
253 11953
9188 12274
11018 12424
4555 465
1970 2538
5846 6413
1252 8214
3015 12677
13443 9300
4063 8534
11745 9826
13090 10619
9416 8322
635 10716
10600 4377
13680 4486
2558 2730
2988 13576
8787 7543
7674 4391
10080 13519
4437 4965
1596 7451
11275 1267
10384 1567
9801 1992
11392 9119
12610 670
11074 6878
5019 7903
11254 12332
12388 40
1290 9010
7249 3710
2781 8556
8100 6494
1938 12536
11458 3533
13621 8961
4799 10233
4161 8233
5858 9186
3581 4696
9855 8288
5207 1102
9824 2689
7067 2075
10134 8356
11084 11016
12066 93
13206 28
220 1372
12564 5311
12309 6047
7905 10741
2508 12066
5203 8366
7480 2417
6695 10969
4338 5536
12070 391
8224 12771
2465 11991
7355 13548
2870 13054
7274 2304
6716 7493
11080 5508
12803 3251
11554 6936
220 7695
12635 12827
9694 6344
8877 10023
3541 13215
1787 9244
13605 3644
8243 2298
9269 9232
9479 12138
2148 2981
8075 8863
10473 12788
8004 3138
2267 13191
3707 9891
749 2571
2581 10442
2548 11457
327 6088
10900 9518
8965 4367
13162 10842
298 8659
6302 9776
659 2083
12756 2367
10946 3091
1383 5178
13633 11054
12003 3569
7173 12751
13544 3387
3055 2320
1073 3382
2041 5606
12899 11005
3607 5923
8075 3904
8215 8010
7314 8873
10093 6298
4873 901
3023 6255
13483 10289
10942 11714
86 11749
10693 13629
1364 7382
9582 2436
4397 11622
1676 3524
8856 5282
3081 10564
9185 11295
12208 2727
31 8529
2659 4903
3063 13086
4792 2774
9603 1962
8122 3323
13710 12448
10585 1303
6058 6396
11143 10454
4246 12818
7612 13101
4328 10692
3528 7147
1849 1964
3507 1879
4126 6165
416 7188
12884 5207
3595 8716
802 11716
5672 741
10393 2485
9448 10084
8880 6819
6767 13126
13271 8012
6089 3827
4932 3250
4607 414
5213 8114
9698 9338
7912 10113
10159 7025
8953 13754
9374 9754
5332 1274
10494 9358
3758 6170
5671 6272
6623 6071
5626 6122
311 5348
3582 12647
8598 8189
13060 7444
2531 8986
10416 4076
12732 6803
11100 7913
419 336
11301 5751
1609 1657
8742 12772
1461 641
12677 8083
6711 11936
433 7021
3512 11419
13301 5743
5836 12590
13187 2000
1438 9831
6076 7804
10267 10809
9350 4320
4779 6879
3704 21
8536 12445
12792 9996
13086 11697
11712 13430
3495 5778
314 7007
3425 13614
6383 9261
6066 5798
4894 7504
9262 4603
8941 13163
1641 4519
3711 53
5032 7414
73 13567
13492 6499
3425 12806
11829 1365
6099 1553
7142 6412
8559 10566
6254 8575
13460 5954
8007 4583
13457 3497
2819 8626
10293 11864
6778 7637
11916 11809
8684 11989
5238 8405
4716 8662
1073 2773
3660 7171
4325 4435
7216 6517
8635 7104
1321 8323
13057 9327
6539 6376
6457 9358
1230 10384
7450 1641
4249 5595
13450 12933
11217 4916
1200 2161
7212 2272
12338 10871
9443 2892
1535 10292
3042 10169
3624 4362
12125 2909
7322 4893
9284 7413
7884 4147
4025 8967
5788 8273
8195 12871
1068 5640
4015 2267
1434 4860
4539 1
1960 7615
10297 10899
4135 13338
7296 1393
11334 13054
4301 12289
4175 7219
5930 5692
4999 9954
888 4420
11861 2716
3519 12928
8356 1168
1424 9789
6027 13367
3423 1620
7210 13719
12518 4978
6920 6042
6370 11887
12730 4305
4038 3133
11523 9968
2459 2750
6150 10751
7170 11644
13466 4322
10801 1684
5489 12224
5107 5150
11819 8529
6769 12662
2111 5516
3868 2664
5191 10238
779 4149
8176 4816
916 5927
8417 10779
2310 8201
7758 3113
6073 1086
1069 3102
2770 191
8959 7876
5340 640
10038 12109
13301 12148
11258 3398
1040 2677
7269 9223
460 1673
7673 8780
1233 2318
5787 10947
4152 13544
7694 10225
8263 8762
13326 11032
8952 2148
5136 521
2787 1403
6263 2317
7184 3749
13119 1858
59 250
11080 7923
9327 12386
2931 4193
933 2351
1368 12489
2123 9061
8942 10386
11456 2131
1280 6637
4278 50
791 698
8857 687
3014 2269
11840 9766
4126 5532
10015 8840
13455 12975
7454 10019
3396 2020
12370 12169
738 8126
1092 9679
12145 12548
5443 13425
12818 9720
13474 7242
4052 8559
7928 7065
4461 13401
10465 8587
5161 342
11060 12249
13317 4742
2131 2941
6762 729
1338 7499
2488 2430
10811 862
8611 2483
7920 7657
5836 1256
8532 9887
3448 10093
10586 7908
9722 7279
10128 8516
1254 7416
6994 799
12158 9124
11145 5148
3486 6116
6280 5973
2179 3319
468 10789
13206 8387
12079 12676
9642 6839
8791 13089
10565 13010
860 6515
151 10987
1260 1405
12037 1887
9608 10423
4644 6981
9204 1763
13097 9117
1369 1504
6069 1837
5927 5504
3857 4234
4408 13499
4707 6832
6450 1500
13476 943
1649 13626
11930 10313
1259 10195
5833 10867
480 10476
11481 3317
5872 10806
12433 7240
5944 4730
9076 11870
3867 12933
9737 1908
6294 8077
8740 6377
9577 8444
7320 4859
1932 12883
1400 3191
2940 866
7691 3419
11341 5400
6735 10846
9840 5396
4314 2012
3759 7024
7515 7626
6185 10885
3167 6112
5191 5540
6122 8401
7617 13441
13259 9549
12552 8292
6373 1720
9157 7697
12543 360
13096 12911
11205 2798
4535 9152
12214 1928
2404 13362
3187 2222
10476 6353
8333 1895
11893 8089
3929 13143
7758 10821
8920 173
5341 8926
9297 8131
2851 8069
2124 9581
7208 13328
12378 5377
2342 4455
938 4746
4045 4124
6967 749
4110 8934
10048 9636
3251 205
9008 4642
11025 11561
4814 9999
6716 7745
11763 9566
2042 115
12780 2883
7076 11387
1893 9418
9475 10235
392 13519
7992 7358
7902 12102
9925 11583
1600 6809
5422 4241
11451 2675
2031 2493
6308 8746
10237 4299
11945 5912
4414 10954
2429 11489
2203 11726
7135 11677
8190 1160
5058 2410
2152 12959
8145 12076
10771 9745
5114 2421
214 2793
12500 9649
12690 12441
4623 2790
10374 10202
2335 1016
1018 12168
6138 3220
10123 6907
8530 11946
8066 13587
7989 10217
6409 2363
2156 3408
5741 903
13233 13359
11100 5595
9237 10018
11670 7493
6441 8272
3923 2410
2921 4940
806 9058
1793 4562
2193 3956
10141 3893
3772 4359
7743 10180
355 9898
7221 6095
10800 316
5682 8128
13315 8552
11780 11213
2274 11854
5713 6196
492 8633
4770 8703
11325 196
6898 7151
4152 3268
11043 1557
1260 5015
11736 1614
8546 12590
1342 12980
12905 657
970 6082
9209 12749
3524 11482
4466 2870
11311 12362
5137 9714
927 2690
3544 7825
9840 7695
4726 746
2885 13390
13165 849
8637 1573
7072 9978
781 13610
4268 1751
5920 13476
8133 3077
4820 12598
5947 9765
4823 4717
5707 5749
7406 2884
7207 10879
4212 11932
5258 7096
5184 12056
7944 49
13629 8649
3660 638
8487 7928
9793 636
1266 4155
3712 13491
10386 3292
9484 1437
8008 8824
7186 9047
11708 621
13560 2148
6187 5046
9244 11370
3331 10821
5053 3188
5699 8712
11230 7819
10273 7252
8454 11539
11406 5800
11258 8020
2725 604
3091 10733
9427 10276
13413 7363
4530 13201
3145 10716
11881 6022
1949 1440
3071 7001
12032 2403
9346 9490
10222 5848
10375 12309
3615 1643
4337 8506
9663 7062
9109 6387
11428 4764
2891 11069
5761 7420
4133 2539
11770 2242
8560 13718
11086 11630
581 2980
7667 9926
6103 4117
2002 2707
2654 13021
4349 625
1389 7645
1320 10497
260 12747
8895 10555
3678 8289
11609 1444
10827 9607
11090 5615
3187 8404
3473 11172
11383 4773
7326 3715
8889 2962
55 5177
2211 4403
5801 3600
5682 7120
7730 5941
13500 2853
2725 10811
4775 7967
5889 1830
3802 3207
7444 622
11611 4551
11793 2856
9323 5347
204 11846
1942 258
3251 4153
12066 9051
1386 3976
9804 9115
9916 3166
5602 6274
7610 10376
469 7132
12206 11675
10339 13283
5930 1812
4062 3951
4667 7019
2932 4871
5093 4873
12533 8343
2659 10827
11027 4044
1031 693
6793 4581
11263 12394
4488 12506
2632 12362
5867 8471
3899 2434
7983 9829
11650 5678
8 2545
12696 2939
1049 11422
1446 13582
13398 4104
10637 10653
1782 5302
4979 8574
9882 9875
830 8003
8610 3461
6593 8110
5566 10492
10543 13548
6549 2055
12859 190
4599 5418
10534 13053
3068 11979
6497 10100
9716 3362
615 11497
2297 5594
13704 5812
1697 762
44 3940
11628 6636
12049 3422
10761 2454
10603 3538
4508 3324
3728 2741
8741 7895
2022 5443
6102 8518
1771 9451
5513 2385
7177 1444
1612 743
7255 10714
1505 7298
882 6766
7568 6565
3821 4557
9018 652
1729 7160
11380 12861
3534 6350
6984 5555
11792 6719
7706 7196
2398 6852
3214 3208
8295 4826
3951 9184
1768 5455
2710 2649
5854 10277
2847 9674
8468 5499
3959 10196
12658 1567
9285 9825
1550 2497
9013 6975
9215 2947
399 11612
3432 3613
1049 5361
8438 4999
773 3839
4087 3482
121 3574
7393 2968
13247 2089
8466 10839
12284 986
12405 1431
10810 7589
3927 6051
792 6775
2631 1191
4615 6062
12208 13068
5056 508
11700 5828
4346 9420
2944 4466
12993 3970
1067 6102
6058 9532
3169 11975
4151 9208
7039 1189
3025 10965
873 11221
3968 3503
12411 2216
3199 4481
8918 1888
4988 6846
7716 2967
2495 4293
1067 9121
8262 2133
1452 7953
5299 12025
13561 3083
7461 6828
11677 4119
11426 12549
1569 9027
9686 7613
11242 6518
5728 22
8405 4349
6868 9754
7316 2996
275 2016
5750 2170
11553 7201
10122 10485
12860 3545
13568 6549
10372 11473
4302 1660
3884 13275
10686 13569
7116 1791
13720 6477
1812 8354
10826 2313
4336 11775
5308 12016
19 4692
414 5205
11892 4170
1919 10980
7714 9120
11163 11720
455 9098
13379 4338
8601 10294
11541 9350
12084 11489
2056 124
13476 6515
9842 11446
4518 1378
9690 4536
13474 3737
3374 5229
7906 5292
2437 1849
640 7233
7202 1094
9964 6809
12837 12198
10736 10606
7777 9048
1957 3466
2806 1662
9980 12647
13107 8131
7658 2659
12666 7361
6395 2268
12589 530
1194 8659
9783 9238
9526 3213
3966 5718
3655 3031
4145 620
7270 5555
3301 9226
2654 13511
4521 6267
12386 11261
626 13678
148 6925
901 177
2826 7123
706 4019
9415 4122
13257 12574
968 10856
4521 12027
115 2299
12646 7384
1487 2176
10243 11545
9320 8398
4040 7935
5887 4665
1475 6035
11589 9780
6211 643
3131 550
12067 12545
12076 5186
4982 6677
2270 3136
4932 2384
5434 3807
3401 554
13387 7277
12098 8935
1903 9771
10503 7790
664 5611
7458 5886
1619 7302
6528 12154
1485 4823
4562 7194
3642 9543
99 5911
12678 12435
1928 11745
2470 12733
12298 9490
6239 4258
12059 1775
257 2424
3198 8325
1669 10655
439 3287
11590 6966
9075 6708
5423 13636
130 9064
9407 7633
8609 8313
6297 10536
13691 2400
9498 5851
5524 1965
10108 3811
11144 3998
13639 571
12322 1536
4859 12760
12228 10083
13359 7531
3019 12415
7395 10554
1342 10435
11820 9950
12381 4345
6714 12300
379 9845
4379 5902
5443 8120
3346 2816
5751 10618
3386 4301
12154 1878
10694 4244
11960 3915
11774 1208
2559 12802
5395 11305
3099 3443
7483 1708
1422 7830
7641 1800
3904 5653
1335 2980
1 12085
5795 5751
8931 2814
3685 7313
4692 607
5190 2880
4521 3192
11492 713
9627 10520
12017 12725
192 13133
8066 9018
826 1935
4451 12134
1221 5785
1342 1221
4098 771
605 6662
3584 11694
7609 8275
5934 12798
4789 4089
2219 2509
4801 5479
13029 10452
4433 6854
3447 6132
2100 11677
8067 184
10039 9287
5968 5015
4142 3699
5785 12151
3994 9368
3708 11602
11277 9641
10629 2294
13729 6481
4802 12164
11959 11464
2478 10025
11951 13329
2386 279
11235 4086
7867 1136
13372 63
6150 11147
11166 11934
3161 1389
1165 6868
12990 12441
2737 3481
963 10100
9961 13169
2126 8149
4496 4603
4402 2675
11565 6787
2954 9028
4506 10820
10164 11512
4517 2542
8887 9316
8110 5681
4338 9274
12548 10962
1577 8919
671 9944
12652 10632
9341 1006
12414 65
13013 3044
2740 10806
3465 13098
13468 7970
3780 3494
5710 1930
13440 8231
4880 7778
7545 2851
10685 6322
7446 5895
8874 1751
2067 7754
12382 11408
2393 4658
5106 9039
1335 1479
13478 12204
8210 13174
6403 5624
10301 5746
7553 9970
7610 6066
11381 1384
8917 1929
1339 9996
7823 10212
11746 9890
11599 3990
1160 7625
8647 13670
2892 9982
1378 10003
8414 3221
3040 8450
8844 13340
7830 10031
9538 9073
2325 7148
4090 4875
9076 5428
1100 3127
9273 12845
6650 734
3064 1443
8358 5344
1342 4883
1554 10124
1115 3602
13344 4154
5685 8417
3722 7148
4676 6894
2450 634
7675 6539
5509 2979
5601 242
13510 1102
6720 23
9241 3417
1465 3827
8761 2806
2344 3948
12929 10863
1183 12502
1245 6868
781 12371
244 5456
12898 2693
13494 6801
2866 12636
9779 8466
12877 3152
3201 5826
3174 12441
9242 4638
9902 11636
7444 12245
1813 235
9336 2995
12736 4214
3496 7150
10218 3740
12605 9345
66 5962
2374 10336
4826 5787
5030 3932
8938 1865
3391 5745
534 6266
4016 10435
4131 5093
2542 13348
5328 5511
9976 11697
9724 13472
5076 13576
10845 11314
9149 4544
3504 5156
1109 8330
10942 13543
5895 13513
9041 2919
12891 9575
9184 3136
13643 6948
8228 2414
6524 13555
7924 10134
11481 11282
9834 10190
11086 541
1366 97
12489 4870
5252 7231
6833 9828
637 6361
9569 9677
9279 8689
5480 4691
11824 5352
11639 13685
1399 11796
13469 2956
8158 4812
466 11625
8635 5185
5799 10000
5281 4517
1098 10533
11747 1564
6589 12383
7924 9791
8289 3431
12113 7402
1756 3799
6387 7028
3713 1419
12457 10815
4375 6844
1855 12245
12102 4123
3659 11535
351 2573
2280 8854
13105 7660
10417 13327
6272 11975
2981 8194
9039 1322
1824 4428
12526 1845
11455 2467
3263 10141
6915 7637
10618 2403
6111 2582
6525 3403
345 6875
5975 2624
9362 12714
3918 13413
5903 3823
11616 2517
12016 517
11244 7473
4945 9998
9317 10033
6098 6214
6402 13012
7484 10653
1643 13594
6869 8167
10630 7213
8675 10239
3471 11671
9181 7388
11312 8717
11210 2790
11234 3088
10711 8706
10560 1884
12337 13511
11917 4663
13358 11952
3903 7070
2468 12950
527 9336
979 11156
10182 3287
1257 13652
1186 4071
902 6131
12788 5745
2554 3884
8832 13265
12589 13026
1377 4788
6399 6927
9450 5985
12513 6986
13054 1209
13569 13580
4178 776
4599 588
11467 5855
7874 12653
9926 8775
12417 2576
749 1200
6459 3214
693 12681
2468 9474
3697 2500
10035 13146
8484 8776
13765 1401
3618 13562
8614 7795
7971 13212
2016 5666
12701 9889
11952 8855
4893 10598
11430 13046
5431 4117
2488 6123
10431 12361
9230 356
1089 5493
7135 3207
7902 7128
4607 5153
552 13220
6581 2156
6295 8597
7821 5224
12119 13407
7712 3240
3867 5370
9919 9297
3120 12407
9053 13550
4630 11916
134 5718
11043 902
2558 5173
1663 798
3960 2214
247 10540
11774 175
12770 5823
5398 11118
12863 6743
7991 2958
12112 4139
5888 8865
10179 1169
8643 8442
13085 2410
7793 10356
3311 10351
9162 4973
11148 6755
820 5028
3524 12593
12607 9927
12049 4233
7273 4775
4609 8898
7732 2949
6670 7254
11813 3077
2056 318
11518 8774
10132 12944
5358 13442
9523 8154
12048 534
1137 6501
5561 12065
5322 4397
8221 11005
2263 9127
2008 6872
4253 3373
3454 10922
4260 8901
7632 6316
9218 12783
1318 5579
11956 310
12654 1341
8463 10931
1874 3233
11065 7435
8932 10021
5465 10786
7254 7727
6141 2895
8232 4028
13672 5320
8583 4161
449 2444
10476 3300
8860 5427
8878 7044
5736 1395
8385 7832
5959 10258
4699 3252
11326 13630
13272 3019
10644 388
4380 10418
10687 6245
674 4222
11564 9257
8382 12012
5334 12491
8946 422
11551 11457
1100 3516
12851 9484
11347 5038
13375 9679
1924 4564
9537 8829
1216 43
9217 13000
4095 13537
5474 4768
3987 10671
7658 6002
2546 12991
12126 11491
7047 9906
9176 8146
7055 8256
11263 12035
6927 4500
7943 2484
9063 11113
11313 10279
11156 392
9507 1479
157 8614
13651 11549
5514 1172
3779 8059
7796 9539
5778 1071
5673 1182
2850 12727
3071 341
10990 3632
4841 12566
6115 7537
9908 11061
4044 7292
11452 13551
2404 5243
2027 9688
3020 7540
10859 432
9232 4884
9970 1238
13359 9276
9825 2438
1865 6529
2778 6489
10160 1252
5283 9909
8789 1419
7198 6466
2344 4879
13650 12152
3755 1906
8069 6774
9445 5156
839 4906
3673 4443
13548 3261
7352 3235
5698 9217
9764 2109
9339 13557
10766 850
9694 13188
9674 3121
5882 12017
1633 13166
10398 5387
1300 12100
5794 4378
10889 266
2917 791
4708 10099
11456 12060
13333 10787
1139 2959
6529 10477
2745 3523
11326 6072
10344 862
9192 2455
12879 4458
9254 3139
9844 10553
8872 1866
8564 5989
2132 11481
413 473
7808 11868
6166 1003
8883 7304
3962 9046
11414 340
12568 2603
6411 9141
3464 9237
5229 9976
13694 711
13114 3401
4897 8214
12671 13460
7837 8436
4803 8249
8909 6244
13751 8708
7247 2496
2241 4842
11541 7288
12586 3972
9890 12630
6746 6988
8095 11974
3192 1652
6318 9940
5052 4848
4382 11356
11941 5852
6021 2973
7735 8563
9216 7714
3499 10096
3843 13144
1166 1613
6661 13751
5584 10184
12610 12329
3400 567
4165 6592
9623 4116
2760 8308
8963 775
5893 7132
6627 11913
3738 7995
6704 12954
1937 10202
9278 5779
9575 4078
1025 9869
4057 6608
6281 10300
12570 9681
4501 2963
9906 352
712 12665
8660 9674
7073 781
10440 7333
6327 406
1556 13030
13359 10897
3094 2500
10310 6302
6577 11334
2399 4267
11576 2314
8201 10374
11994 12701
6971 1762
13052 7682
655 1574
10990 1361
2354 1292
8694 2314
1697 3883
8977 8690
1009 12071
11189 11318
12006 11399
2514 8039
9299 318
10352 3728
4326 2208
2657 11296
3969 9343
12611 12028
10916 3463
7022 6904
4754 1944
9217 6451
13232 4423
8774 469
10127 13596
5420 8361
11223 7933
10033 384
8251 6613
4112 12576
2454 402
3734 56
9744 9978
12083 6889
13441 5334
21 11828
911 2871
11912 371
7293 6914
8244 11053
6738 13663
13048 11594
1459 9309
11978 9709
9556 9723
2147 5643
10124 13285
5699 6097
9491 11415
6619 2794
10382 273
851 11293
3143 6396
5297 10436
13310 13541
1351 13681
7066 627
5138 8524
3570 10749
11866 13125
6700 241
4996 3052
7159 10694
2782 2879
8338 9400
13077 12353
9672 7561
9874 12815
186 8805
3113 7129
2208 11868
7038 9273
12495 5809
4026 2293
2786 9525
9051 9485
9766 275
6171 3153
4603 2586
13436 6574
5620 6376
5155 1520
165 8663
7968 7755
3696 4714
1112 5903
2811 1784
8809 8939
7592 6468
4865 10378
2222 144
13496 11987
418 13300
8773 12425
2115 2072
12632 1368
2081 4016
2887 2245
12678 4489
3634 10007
2836 4745
9543 13051
162 4580
8218 7754
11048 13082
11765 13269
13225 5123
5118 7277
12057 7524
13335 7805
3229 12196
9172 5309
9845 12058
1188 2385
10180 4821
12391 13016
3199 8162
5929 3361
6375 376
4748 3651
7091 10146
10553 179
1497 1899
1089 13553
3057 652
7586 6285
6481 2986
11594 2554
8678 12781
4938 12491
11235 10962
5369 662
5352 11298
11427 5361
11673 9808
9011 12397
6182 5793
12575 7679
1325 13663
1094 4381
7949 2314
10666 658
12704 2122
10617 1244
8536 1783
13735 5999
12745 5332
294 11730
10263 5355
10724 1798
1391 5964
424 7573
5390 6632
8885 348
6524 3612
4729 8106
5925 9028
2397 4858
11149 13013
6101 5913
8430 13469
5545 1037
12435 13243
6400 8926
12231 3353
4358 13622
2950 4781
1057 8339
11412 9941
8686 11569
13552 7048
13308 13111
2304 1934
4197 13452
8580 3931
12998 10643
11034 12176
11679 9697
5282 4308
12256 3741
1294 2842
3591 4243
1256 4647
6215 6302
8221 1129
11504 1636
1811 11041
975 4114
6608 5171
11200 8821
2735 4060
5693 7402
2465 3600
10732 1380
1541 9217
5120 10239
5692 2345
710 582
625 6924
6883 8846
1687 4615
4115 3497
9289 5089
7610 9530
3893 12443
4580 261
2732 10272
7663 12601
7505 4623
209 2680
7473 12733
12918 13165
1306 13628
7380 9336
414 491
11815 2100
12510 2158
13001 1662
7246 474
11191 11138
12916 1999
11398 9281
5904 12694
8110 13409
3546 1952
9722 11018
914 8868
4045 9624
2358 11424
5188 10177
5548 3231
12276 4287
5388 5140
5948 6267
5613 10772
11038 12162
12771 8665
1306 12308
1221 3049
5579 4766
5001 1529
9418 13319
4031 13462
9171 6388
11115 7993
2793 2891
4857 8703
811 10245
7476 392
10145 6722
11164 7412
5112 3797
9710 51
2333 10930
3100 7912
1925 8100
3074 11342
1281 7104
4666 4085
13492 9414
12077 9918
12305 3163
12254 6749
7041 5958
7141 3414
12679 4533
4459 11425
1963 397
11475 4295
4961 803
5840 6885
2536 8914
11860 11221
2246 10159
1535 9371
5802 7245
12923 11740
4041 11405
4717 11081
3592 11857
8129 9904
10023 6221
7557 11985
6618 12666
9914 11578
7102 9387
12096 3272
4529 3818
721 409
205 9660
3413 13411
3134 2564
11379 808
7603 2325
11889 4828
7815 13651
960 11472
6100 2151
9685 6351
8450 13232
11562 1780
2482 3520
12456 644
7337 6811
1052 1176
2699 11870
815 13237
8067 5828
274 1898
8152 5796
359 9600
5675 8724
7300 5408
10874 3214
5393 12957
10079 3183
8370 12560
6703 7055
13204 7673
94 7889
8848 2792
13392 3297
9663 7688
9124 9936
3219 10909
1960 3578
6737 1268
12301 266
309 3037
10884 5701
9627 825
8884 4225
7019 9220
11279 85
3121 5006
7973 5603
1432 1228
2533 11094
8915 5290
7258 5767
2427 2851
9344 2797
4118 1507
10467 11831
11948 7579
3761 7803
2038 6278
5662 9056
1726 10574
9140 12251
1809 10746
11487 3240
11973 248
562 750
5537 1453
6517 1597
4303 9494
11799 2054
11001 8494
113 2811
9707 11278
4248 11744
3784 3543
7028 12914
345 9801
5028 2153
6775 2743
12797 12382
10396 13358
13131 2161
8444 5876
11163 6380
1599 9190
8433 6233
3912 2180
2677 7252
13457 558
5224 10875
4100 5885
3651 4445
1914 2312
6597 2323
12460 13028
933 9084
6248 7697
4878 921
13573 2269
7300 8805
5092 9367
8671 2638
11546 11347
9889 4865
11905 8747
9373 2233
860 6658
6677 10179
8969 6908
6135 7657
6164 701
10374 12411
8397 1481
6965 1832
11154 494
10636 2475
3494 12940
12517 8673
10516 8634
13537 2283
11014 2773
4515 5508
9430 4826
1915 12032
5367 1683
13323 5164
2383 9925
