54674 4482
18669 8202
53583 29881
40593 45511
6970 49790
30821 16819
24677 33653
41912 19092
10028 42483
29165 16394
5761 2986
2954 35157
19891 30111
25313 48979
43718 11612
53968 27293
19367 19686
35494 19999
49566 21412
10835 3586
18252 43379
22128 44652
22358 9366
9069 34109
51848 39958
50503 4658
42943 506
41538 8159
30616 12177
2464 21383
25512 3481
48675 46602
23166 31218
11926 19782
54354 24484
25091 19655
13188 48942
9632 37269
3633 18700
16704 2530
3983 14256
7187 48649
16485 48725
2134 48824
7951 6321
15532 35186
11525 11256
27113 34690
42473 40762
1521 43876
12295 28335
8856 25482
22603 20211
9801 27959
40635 28228
30489 46341
44207 39399
40316 6017
35173 42449
166 44847
50493 15697
25358 7343
26952 54194
43756 16474
42005 47001
5676 54299
20661 16255
26831 44987
38190 38355
18272 24150
11908 50484
15816 1440
36932 1457
9180 17431
45629 9345
9327 41447
26765 36409
48789 766
37652 37871
17239 24983
30197 24638
26331 52581
42617 211
42894 26132
40289 6491
50281 52196
2300 13146
685 40955
14603 9864
3711 7281
19208 14762
48728 45972
51170 42842
46737 35871
27762 11026
6179 5008
37387 34234
2915 25329
36168 45808
51460 21783
52298 48790
21028 1647
7262 21713
42601 23588
33300 48036
30868 54232
8123 26645
45529 6342
16537 39316
42212 44298
52065 50115
49306 34777
31398 53944
7156 14615
45077 5665
36397 44424
54455 2751
46070 8766
26187 35720
34077 4812
30805 11994
4369 40651
38639 51622
46992 501
37987 36254
46522 35377
33418 42877
17203 11865
42146 24358
26479 32548
30023 8202
22297 31527
12676 15416
42016 38862
52860 21418
45397 28990
33411 49766
14967 17375
46713 9008
19599 31749
46985 13171
14175 25728
1373 31377
37592 43519
2785 9397
23116 34531
19322 47137
13107 31997
9602 448
17908 7787
21865 8630
36777 2325
3721 53467
21424 52157
9524 41022
29231 1835
1242 45129
27562 2615
21832 12204
47857 26340
23324 16298
7920 42645
10484 21026
21691 20086
21473 39598
27872 45061
48227 11698
47385 53672
12214 14134
51154 21738
2206 27435
23572 3447
17889 52857
7785 41444
12110 967
14833 35433
18989 22752
23403 29472
45501 46817
51281 14023
31740 26203
4409 27017
39624 53518
26014 51838
14701 24217
20625 18630
53375 45920
22077 18314
44102 31585
5083 1538
34276 21640
36970 53264
44391 7423
29785 36942
1289 26392
50964 33029
54318 2423
7095 39267
1266 34832
38154 15966
4374 4104
36320 4799
50023 3722
23112 41175
37030 29918
42712 16631
51557 26731
15220 42998
35877 46729
25265 37166
20170 23278
17244 19813
25700 26062
6129 28689
6219 44283
46379 12316
48386 28024
17114 45459
33469 41949
31959 15824
17193 19996
32455 15799
48450 49398
4122 31377
41452 31110
15592 8671
54388 34559
28483 27137
5946 36336
1152 12164
25944 47530
24479 21379
20879 43317
12163 1397
30591 44121
17220 49507
11166 49674
10632 6666
46122 14753
38042 34623
47587 53633
43294 47300
33517 18826
21486 41186
487 22637
53349 26430
17216 24877
47809 39818
15243 7021
41214 47558
51142 3760
42390 9357
483 53021
16022 46604
14824 54063
28277 7736
71 18620
361 35311
37445 23570
21822 39656
46207 22220
13135 10472
48821 7993
50290 9389
15014 36829
3996 13205
42312 46386
22561 42795
44732 38583
36448 4881
39695 11774
12616 41490
30393 14700
22126 13164
38270 45672
54543 31526
14941 13003
41997 9087
20996 39336
20200 36009
23215 24195
49213 10852
15906 17099
696 7688
2731 38868
14292 44150
50641 26908
30965 26360
43331 140
41247 28650
47535 41115
7225 7802
1167 50946
16888 22162
35607 38811
5220 4147
10056 1482
16723 25961
20305 17418
35372 23035
1611 49664
12510 53976
23621 45198
27385 14001
47062 15681
44375 39922
2121 51599
47723 5011
47870 11661
27173 30527
52195 34116
36397 7576
35598 53119
35261 1228
17587 15958
24262 20921
12671 38496
20222 36291
30743 49330
52016 23130
10336 41716
8378 14180
40364 3150
19191 35284
14810 48087
11136 14055
27528 49256
21630 8451
47701 2216
9678 10613
18174 35664
33257 32568
21209 53479
15909 51951
49858 13250
22131 5520
2015 32232
19699 42378
35381 40613
22987 51915
34025 34122
11295 8603
30428 32924
17053 23454
36864 28455
35790 2087
9444 14372
34654 32376
14900 50562
29652 10084
10861 53506
17327 12875
31063 38749
579 11770
24688 23565
10734 5762
4737 22028
14364 35164
2001 31417
5667 38864
6921 41456
40950 18088
2877 22654
50463 19501
18541 27164
29584 29402
25996 46910
44000 2384
30984 44578
15877 2721
15193 26610
8483 19929
50361 22846
2142 54086
1312 7808
39999 9956
50987 27999
28043 913
50652 23831
20413 16242
52719 51720
47367 24040
45679 36693
28147 23713
28320 44024
26433 43512
17683 36639
10490 15094
6535 12631
16229 9570
22162 1553
19526 20198
29551 47568
21111 27252
18449 43247
43494 16493
40293 37910
42256 31297
19928 15728
335 48248
6801 28492
38809 26208
10456 49299
41301 16990
7255 2855
26560 31141
6131 47809
51338 35682
42426 19498
8259 6200
8071 53476
24416 48363
36712 13721
26709 3689
29449 27044
53660 37973
861 37795
9506 11316
32419 52530
30030 41397
2434 1915
17863 8565
49723 14527
45970 37474
35748 1278
45398 43818
80 16863
37506 38515
30584 11265
43927 7082
38308 42913
45054 40892
26033 54560
53931 5501
54139 29286
46897 1899
32924 11810
10463 29696
26336 1758
14220 7409
3035 4943
52951 4838
23529 37506
45076 54112
48770 34329
6519 34127
22567 53297
20344 50323
232 19601
2873 54370
50610 49769
1594 28860
8628 13780
3881 36687
17261 18100
44096 22020
24766 44096
26857 48295
26927 17259
49456 21023
53311 3025
2199 21203
1647 22543
18575 1878
42143 21447
3297 38078
18265 4891
13987 26893
20394 17868
8905 37655
37691 50
5000 9507
45869 31856
4851 18122
50838 54306
40868 49474
4380 43066
17726 6026
12658 38024
9627 126
6520 14648
39928 24785
21262 964
53401 41655
20555 9355
24635 3572
9405 29634
13078 2323
8540 17928
20444 6427
19283 8361
2951 23663
51427 22400
31412 9410
5750 42763
11260 12269
2736 52911
38777 23997
53874 37503
10977 19755
48582 37336
25050 5036
14019 39851
7358 24282
4828 27802
32433 24110
37886 35383
49496 36362
3108 27958
47496 10581
16046 4081
24574 20505
4041 8676
46225 4964
47903 4251
26442 41810
41586 53215
48569 931
38391 1252
26936 43218
30777 4694
14378 13989
40076 10923
50350 44908
38880 43171
2538 1975
48975 27111
22479 65
37511 15753
5029 30739
20004 33194
19598 6915
31735 13492
9569 17175
16467 38229
5719 47244
42922 21820
6558 30048
32742 2233
22005 18672
47128 24542
20646 41428
51653 44849
41493 36213
5927 48245
14001 27654
26764 33598
34569 5548
48813 45861
22723 12329
29415 30165
4898 19387
53708 11455
49434 33499
15412 16764
52170 9589
41305 19866
51016 40007
11764 39558
21545 19414
33128 35545
47068 6942
16192 28686
12489 12054
21596 36935
24383 51011
12425 31004
15723 11458
44183 12206
44957 4920
28969 44176
16232 17323
9367 12573
2656 22854
53855 25924
42268 34032
8519 34661
42697 26434
10396 512
40212 31991
39170 11644
28327 51595
42647 45773
10102 32155
5028 2108
38798 33996
46284 355
51319 2700
14652 1024
25554 15556
28671 13147
49587 37189
49531 37610
10673 5252
39845 50884
38966 24340
9577 14343
22984 52223
5441 34810
31428 10469
36917 17275
46188 30250
19354 44556
32950 34005
45579 5553
51284 19576
20423 46196
3814 17003
30855 14486
23978 17749
12419 8269
43813 21995
22611 12122
21268 29776
48655 52695
41968 30898
15295 33481
8197 34648
23363 42870
15702 15991
48422 14035
37290 14170
5557 41104
32896 38135
2639 2199
1210 15058
10468 45022
37052 33078
4193 5369
9903 52848
3389 51870
30795 20408
32401 38991
2105 2813
28911 19531
18803 22658
33565 3143
38552 40845
44246 16773
24306 46884
18972 27239
8991 31163
17586 47767
11290 21778
53135 21193
21675 1850
18388 52469
23981 52512
38510 26085
650 12746
45615 21177
37127 26230
24319 22728
12400 13890
39501 36705
7823 5522
9269 16814
36684 28578
11630 47973
52080 10090
16215 19080
13663 36327
18599 37643
34164 4158
10778 34814
18627 3442
1316 1079
29671 27358
23807 42071
41247 10357
25825 50793
15878 35094
14656 54285
10721 26285
49307 8126
38099 12572
27206 51761
48898 47528
36454 28387
51685 47231
10250 15637
50672 13289
18439 27393
40646 43969
14789 28942
54325 40613
25061 17252
22756 39716
18586 33477
13051 14943
41602 51149
27514 15857
49959 21737
8710 31738
51847 7444
26018 7423
24804 23740
22435 44967
51132 8407
34261 11246
37348 35636
53582 7734
54611 21664
49174 18523
466 9274
33465 43791
5748 8028
4974 1032
29764 15407
34494 28660
24575 5837
36082 51102
29576 3843
41394 26033
13973 22705
39002 51320
3666 37910
6104 3602
4899 2327
23848 7088
11600 2638
50878 19071
10665 2901
20102 42152
20032 54595
16138 46330
7482 53943
42757 37057
4835 31201
10140 20531
53905 49141
17177 2896
32376 25004
8221 37274
29054 32069
46085 40653
36430 42289
5049 48819
46913 26874
38020 13994
28519 54157
5649 36000
476 48406
18382 7034
26656 30245
27565 25886
24712 46465
30505 2413
18518 40449
41411 47571
17843 32821
35273 54273
22159 42045
50141 16122
14244 33486
30115 44486
34693 35764
25811 36892
31219 45917
43925 3200
21487 18539
30809 46198
12053 6639
50335 30570
47087 38795
25190 11980
16941 5788
13302 40824
47832 8768
2271 9126
42253 32385
53611 22271
13474 24748
4488 46416
17714 50137
49615 40924
15725 25749
32448 27778
34111 29832
5397 28248
13952 30587
40227 32616
36374 53528
18765 29532
9345 22759
38657 53321
470 37593
20918 15667
9390 27129
9133 28827
24315 4073
15077 40040
31546 49248
14867 12706
24405 20263
40953 40080
50849 28229
18021 34273
28806 38510
10854 39874
6594 49510
38521 8787
34152 6488
26178 45266
35340 35310
19418 4981
41106 34494
46744 19701
30791 8660
32407 521
28922 20409
42324 26821
50362 5671
6419 24493
45904 17272
11417 54221
13831 49937
10058 49706
1750 36235
40297 37089
18594 6765
43793 5025
42982 35862
24726 19099
44521 4182
21343 20493
26314 8993
47313 22001
16387 781
48218 9340
19776 4960
8886 33606
222 18943
30361 3695
2227 17708
40783 20820
24472 29902
27569 14503
12813 54018
33601 2660
3525 1994
24876 31562
12710 17514
53563 30820
20018 48830
40159 39793
53789 50768
20448 1060
16761 50808
4754 18987
13841 47260
41531 40036
22487 14425
54539 35300
15492 35189
39683 20740
38906 9884
52301 51615
29121 52913
29484 50862
47068 16692
37704 47906
12786 3477
50689 29546
1334 768
50256 16899
48028 37112
3984 17564
53260 3848
54587 15801
40761 39595
36540 26716
51202 34167
23657 27372
34129 190
23559 26523
16882 6588
21478 29667
11788 17493
6262 13122
18260 1843
31744 13337
40679 35727
30901 40988
41299 32537
2115 27385
17458 38654
54100 15709
19870 24806
43081 53999
24996 13689
27571 43601
20277 49048
18593 32064
13590 26578
46909 33574
28420 23978
46910 16148
5031 24860
2462 46329
2723 4576
20763 21904
44953 21912
37612 10149
48442 27742
11197 18763
41431 40491
9413 7033
36588 29729
40820 50178
1632 34779
29077 30051
4082 23036
46199 10836
47896 50384
4214 52342
285 24976
19571 46961
46888 4232
2435 40655
31974 15355
6467 18730
2895 17603
27486 39483
47331 13631
34986 48962
48409 11112
26062 54215
34147 19310
10376 29092
15019 14590
26759 17027
41289 48053
9314 35226
54009 13472
22930 31308
30551 31120
51761 33445
48722 24572
18253 41378
39926 288
37389 33661
11399 8777
34925 45546
28086 45300
21687 44829
6939 50170
7181 49952
43548 16494
30503 44606
29966 483
21239 5842
31602 18325
41010 25650
44620 4589
14077 29872
4876 51466
10582 17999
5568 45506
10594 35377
37855 32280
25531 46518
27775 32712
41795 18373
50929 19347
8304 27944
19829 31267
35509 51431
51315 21845
24130 41261
26433 39930
18182 33032
36721 28763
51030 44012
21318 8673
24715 6222
40953 51969
54463 15777
30006 41583
34149 27985
7980 44177
1254 27808
20769 36763
26288 19133
5657 52141
5719 33813
37397 25624
12170 19443
1436 10250
10505 22753
18922 35219
30699 6924
34237 30487
22701 11293
19120 3899
39277 27099
48075 40530
1956 14169
24342 29968
35026 31722
27434 40744
10860 10156
13418 24754
31323 14853
36727 41827
37606 2698
24095 15354
9622 3657
47564 34046
14949 12009
37944 54225
40831 31345
41805 44511
47237 13196
19804 27588
44918 47237
15382 2827
4443 28799
27580 35765
43651 11356
24641 28306
14054 48735
43659 25399
54115 36549
4770 16114
50281 42713
15664 38162
19383 4518
27998 13670
19438 47801
41257 11405
42087 3688
14231 48253
32486 43535
29343 23187
216 1033
51492 15993
49767 42201
41391 50932
25799 46160
12371 21405
34199 29758
4892 631
34276 34613
16024 763
29463 4331
12167 18600
8018 26397
12178 42228
16981 43245
10740 17197
44277 9281
33189 41094
53205 19906
37351 24329
13115 49721
47458 49037
24804 54073
49668 6129
34012 12741
8615 8800
17071 20781
29123 25089
48902 41301
14366 11208
29871 25105
30128 21197
36109 10367
7616 34640
31996 46690
4294 45110
41736 53475
39473 13590
52874 36190
21442 33935
50654 30057
44458 13051
52561 18907
39863 46788
5533 54228
5046 37127
26382 36897
3649 7816
47263 12989
42455 24584
5004 48473
16744 48464
47273 3266
9103 45472
41179 32268
26456 37158
7650 16240
50208 7261
35146 35396
54048 42402
34949 6143
24854 6656
43040 30226
16196 35628
44938 3976
7262 49942
52448 24005
45455 46771
27270 1607
39292 13774
33874 11074
52655 41524
27313 48189
48784 9508
28910 49881
51909 10909
3074 23812
19288 46113
1087 35483
28790 46025
41183 36051
43016 40680
7105 33796
32776 36098
35402 17394
51595 14601
28467 49576
3174 2829
43090 53681
12336 19049
50612 11294
31681 53685
35105 50969
45123 36191
33501 20962
27541 21733
2339 17606
7739 9443
51401 42238
45541 33852
4957 42461
50177 35147
37362 400
39699 27501
1131 52034
46550 51742
8653 25280
50752 45481
21574 42924
26998 2125
9211 1588
23857 13273
19194 33319
24440 17644
20883 17030
53220 25839
6540 48722
8036 45626
50845 47734
18452 51975
46818 12051
49042 2520
37331 46843
49725 5954
36816 22048
8078 47751
25359 33659
8073 46276
14027 32512
9246 34909
49541 9515
7798 1407
5286 15833
48756 1456
10616 12533
53431 4483
24584 49522
7003 8964
43415 3777
14917 27280
25824 24719
20356 52906
5427 30153
46232 19453
7990 803
54362 4581
12041 7485
7711 17326
25041 1792
18781 37380
16048 19261
41863 40631
14109 50589
51318 2849
54365 11561
30128 27238
38003 52208
27193 43429
27686 18750
8207 37399
21276 9618
43703 33316
17102 51413
50641 43866
254 16472
26572 16302
35732 15484
3982 49840
13122 626
54412 14536
13910 31590
43497 51912
30847 16015
40666 3858
36489 50596
42980 3090
5540 32009
38130 24365
30471 34096
13557 30725
50567 41852
48750 31625
4385 52731
28514 19230
406 28252
33765 14315
6891 24311
11552 37737
40325 53941
43318 22139
51587 31623
26953 2452
10681 10408
28540 42876
44503 43820
18926 42120
32721 14725
20794 37105
12781 49307
3384 14911
24608 38872
29225 31498
8508 42501
14560 48833
43491 3203
18021 40403
36550 44973
44578 48954
2430 18444
37155 48657
7589 3130
36102 40310
17854 3945
24464 32359
301 27848
47269 24909
12045 21819
3456 22277
9645 19740
16435 186
24666 36179
40588 6541
28202 30492
821 30631
50659 39699
24613 3573
42829 7764
45606 6008
11708 17120
38366 13733
44967 30960
40365 4061
54503 43820
26337 11197
10609 44495
11382 35275
27724 51970
43539 1251
29511 44359
33605 25495
29384 3544
30791 19262
13031 21723
25269 24739
38842 10685
40195 30858
41644 25885
36642 41472
15030 10029
52669 25639
1573 11100
7963 29296
8395 51501
32270 39629
42910 11201
12173 19343
14744 42964
38604 27774
11736 9198
54236 50577
19882 39756
28484 8576
12690 12175
51771 29444
22203 49765
2132 25500
6191 10094
1845 16309
6920 34115
2988 49829
45315 15160
14497 7108
3449 150
36605 15184
11072 37891
12810 30953
24696 43017
41252 37386
518 38349
12155 24444
35163 14286
51667 43077
26103 53512
4712 33022
32952 7699
29901 25316
22858 46121
34147 28031
46271 16077
44938 2668
1017 3074
35344 25713
47814 21922
10148 48331
5596 24026
19825 42482
40035 16817
30885 11463
15654 35596
44484 50329
45018 21434
22694 14925
12881 2166
44679 4477
18243 34943
8868 20983
39740 44211
46695 32879
13182 3892
28260 20501
27917 49808
8309 13277
11950 39193
24739 29328
21838 16273
26706 12181
37706 49400
28829 52310
51565 18834
3836 16857
826 12703
37840 40565
3964 31584
18769 17145
35476 48752
39370 8718
43885 47678
23719 2885
32196 50181
32212 54033
11779 5967
13263 51209
692 43815
48844 53981
7974 52680
16163 10523
12432 1052
51087 18119
32636 16906
36988 15161
10983 21683
23878 194
14686 49320
3078 48605
44827 37013
49687 1931
42979 8275
189 45395
52089 49033
44701 7113
48762 6189
19359 8243
8965 15772
26362 41600
32677 10399
2086 43659
32081 27687
45576 48490
22333 50377
42420 14209
34439 37432
17863 22744
47430 18052
15188 46568
14134 5214
730 9945
13126 20089
18187 22090
35860 46272
10739 15586
1996 12824
6294 35800
42235 51870
29615 9893
49296 17360
25825 29061
117 43687
53528 49270
7064 14041
41164 21197
19254 41893
31141 34103
7307 51052
1519 43166
42649 12257
5801 46369
26805 12095
27494 14365
9290 2435
25981 5635
21518 51805
34695 23359
40817 33548
17954 49605
47588 4443
17851 13891
46336 48992
47994 692
47093 51236
45582 36791
10542 51382
28485 37346
8802 3029
53434 19815
7187 24740
25450 28704
23594 5470
52062 11461
40742 15342
8115 35379
21508 25965
49270 14893
22006 44313
15585 14424
40874 6492
51215 51415
3199 25025
35811 13725
28053 34570
33539 36963
6360 4314
10993 29953
11508 8380
43137 52249
25445 51251
32953 48677
22542 29272
8895 44547
18910 24479
4297 6833
32694 837
3574 37617
27585 41108
51341 2688
21003 30205
39650 27362
36243 52366
4365 47750
7796 47501
47048 33240
44078 27050
28966 13669
3372 37861
3541 22281
9389 9561
30838 43807
12121 36135
26749 41430
22568 23415
45841 43570
669 30816
17982 38635
30232 22346
31710 38027
15172 25807
18316 6299
54581 47282
19967 3278
32192 25232
27282 41580
36516 3445
32436 50361
39579 4510
37116 7472
29648 28282
52766 32041
6147 16073
16001 36378
38418 49435
19730 639
20567 38046
8662 22197
32377 28628
25474 9894
909 54480
53197 39149
3250 30959
34835 44553
37192 17276
52024 12166
47281 51839
45930 53427
13237 7256
36855 51654
2016 1910
54017 24307
41679 8004
46503 21105
38355 19027
30998 40988
18832 31245
25462 22081
7529 5622
13683 44720
24621 11033
3935 17227
8197 51588
17703 23158
4170 54557
21861 7909
3517 21203
32215 46919
29206 24044
13350 12887
44794 46071
53874 8951
22641 26385
32755 30169
32006 46438
21939 1952
4520 27597
20902 14440
24511 38604
37597 30404
40211 4784
38312 45451
25986 15853
37695 2242
41620 52768
15128 31739
44165 16051
42413 12131
42435 20493
44024 21490
12256 13012
25165 16775
42332 46066
31215 13892
31719 14137
44295 18979
20644 27933
9755 46630
43785 49174
48871 32454
47267 11048
11242 38481
28822 53654
52336 16582
19472 43409
38071 33452
1746 10285
50226 45801
3400 28490
5019 35118
44351 49313
1147 10320
22571 10901
2275 13405
7124 52869
47582 1441
10966 4149
39921 39787
4852 39306
1694 24324
28040 41488
3101 31509
53496 376
22636 2221
28866 27654
39063 20266
24016 40209
30585 48311
52833 34584
8765 5283
32778 1673
8447 43744
7545 48367
30580 12397
34723 32274
38444 8088
20811 43268
39597 21357
45367 9282
23577 19558
38659 7965
41547 8000
48173 17458
3360 46332
52041 12125
53338 31868
15521 7110
20937 23065
2526 51517
37185 37248
30840 20954
45336 53374
11271 31982
20056 1964
42987 43633
23245 26971
53321 10118
36694 46820
27575 40054
40201 24941
52178 38864
2134 13024
45973 24795
37812 50222
23361 20323
32796 1250
43000 25181
1673 54271
4212 21729
1560 47198
12411 24804
19494 12781
36645 3237
4926 9545
43290 45126
36209 42517
31039 38343
866 24061
10187 40402
19609 35271
7774 54128
36520 50773
24634 38192
52093 28845
6970 702
23092 21104
25506 42585
33885 7476
47545 40534
18745 36161
30986 279
24003 9074
40345 26593
34859 52255
12320 54467
32851 21817
970 14696
17915 25603
54612 15334
1497 8631
16035 24588
29735 43264
14222 8945
52464 7092
49478 18258
43252 27513
18536 14305
38311 5931
40897 18495
3511 266
20011 36362
23806 20980
52781 41720
48306 54442
4103 49802
8399 21862
19715 38133
12175 35660
48801 11688
42751 45328
29945 33053
19891 50205
49081 5251
1461 35303
23745 6695
37292 45479
44780 6423
11784 44611
49866 5415
44378 1019
2266 54500
24604 23704
39682 36778
4689 33808
50190 49163
26186 25460
27541 47800
22714 21947
53050 25898
4299 23844
32593 43314
14648 24422
51460 28155
14358 48376
35293 5786
49394 37558
5611 21047
6587 45293
3150 12999
26150 53339
7487 52335
25849 36752
47184 50286
5748 45559
21510 11771
16452 1152
2134 31099
25573 644
4579 41655
49019 41595
47440 45462
24478 100
11834 32788
45392 16707
45786 16868
17096 53273
16252 44668
37074 8762
40279 42821
1370 7114
1641 17822
9989 3775
48920 37286
4418 549
25990 486
42143 18755
45947 13671
18854 4830
46458 11296
21536 37570
29887 38631
37892 46138
28624 22015
1949 14229
10161 3319
23066 11802
21140 34779
17300 17109
17390 21717
19381 43379
22202 8574
9183 15198
22244 29760
20027 14027
41055 41562
53320 16267
27243 38261
9455 1192
5601 11403
17144 17486
14721 41934
31011 37584
22038 48310
1743 41151
17076 21123
31579 41001
29696 40761
1524 53663
17570 23274
14740 3951
10161 15109
21941 37403
53370 33119
40319 6020
44522 4512
23505 6292
48169 54515
43876 15532
49874 47342
3732 12275
13790 35310
325 45210
21396 1848
44198 38966
25121 4263
44640 37006
19372 13630
21458 19791
46749 8826
25810 38320
15062 49315
44611 8556
50879 35536
24088 46079
29927 29543
5403 43717
10179 5728
34252 33298
9299 25499
17589 36144
31486 9278
20199 50857
24632 41656
17697 16706
52206 43506
2075 12593
39870 48409
21148 36075
30995 46959
29203 6247
21828 36329
49963 33730
43780 31264
12353 129
3813 31666
37996 35298
40943 3520
33204 10900
46899 50900
29329 44430
39731 33127
4072 26651
26862 25220
8051 4906
19228 38977
11152 42779
22355 8165
21834 11461
41152 34187
11589 44964
11178 49584
25587 53844
153 4116
10070 47051
341 41122
38531 41796
21299 42602
13772 48160
14871 23546
115 34099
7848 11266
22203 31926
19430 45761
43386 5908
25273 2024
52595 36450
53331 23508
35619 53483
27623 47412
47584 29688
35584 31440
16809 2208
21091 32304
52091 35962
1175 52205
17110 10746
10520 41036
42671 29950
32122 33107
37581 4444
35130 35501
40893 35511
6058 23562
36043 35405
18023 28952
10418 656
7441 28950
2863 28532
6579 2003
9819 7753
1257 28652
20222 11777
15013 8218
43450 48859
41324 28080
53302 23504
10630 41245
4340 16688
11856 40382
52092 29878
16384 9559
30534 23824
38508 35120
52355 45086
38847 9223
52838 41827
37874 20109
53603 54611
28326 44102
50519 16700
19231 49146
41927 29861
37440 47990
46548 49295
35421 45689
26223 51804
573 3806
20954 39080
40649 20358
31215 24821
29581 29378
11974 14504
51210 12626
16164 24861
3778 12008
43284 23008
8204 30536
52868 45643
25575 46465
41988 6322
39203 13536
5175 39775
17341 27852
25904 3315
48210 2444
29860 24840
33545 43557
41067 30080
3232 2557
1991 7009
16288 46998
30017 24491
22860 29934
17184 50158
23449 4497
1805 7977
18032 8704
49476 35372
36555 20705
40410 30090
24873 15595
1979 5467
4477 43046
35547 7709
47326 39261
16441 10663
31584 48181
35154 1493
23441 52337
51651 46889
3883 505
1915 21914
9208 51390
4335 45763
19145 46468
22902 45741
7389 26605
51207 13589
14976 33803
23021 9351
18389 41186
20013 51697
34692 2216
53189 5182
1602 51889
52070 5484
52394 1035
29121 8651
54148 33455
1463 18618
25249 24365
11408 34361
50969 7941
49673 12994
43467 19744
24068 8906
6255 44080
5928 40946
48020 6166
46128 49621
3381 45247
431 2824
48005 31275
13198 47479
10056 14661
13146 37028
40749 24554
18438 37043
34218 13436
51760 23010
33179 21153
31915 39433
12282 39566
27429 5627
45732 18882
2298 50836
11178 4452
709 4509
35726 13906
51987 47505
28566 12182
29858 14640
36735 48295
53406 18002
8781 52215
41012 41959
18693 19976
28442 32699
6592 1196
40049 52323
21801 44070
50208 34702
48521 50916
39210 29573
11871 38246
24127 42161
50428 53985
3850 34212
49329 2582
52214 5159
122 40275
47118 20539
5576 22609
287 12167
25528 42059
11539 49052
31455 8796
29079 25301
5037 15339
1923 18632
634 26050
6118 52785
27084 9967
32323 23462
14272 31586
28621 14394
17186 22788
36656 24485
47120 38666
38376 17973
26050 49914
12350 2830
5760 43152
29855 10796
5540 31777
29427 7898
4876 37268
6008 33683
47235 40054
4195 6832
16965 32815
22949 34150
928 4930
5685 49771
45319 44060
13069 16695
41023 27142
19524 46782
17343 51102
4628 22883
29929 35778
30780 36528
18372 38511
15537 10932
23891 19731
17763 40855
54269 42436
22055 2246
49089 27739
52016 39734
18848 10410
1754 5196
39275 23001
53702 1943
19429 3655
26549 49357
39432 4378
31210 3129
42889 48470
15784 12105
15250 35271
9 14844
23032 23787
17089 17446
53249 14430
2505 17422
26563 5982
24342 11163
30707 23369
13106 51859
28747 41378
46541 13504
45756 24800
18357 33970
20320 34140
47798 35569
16460 47806
50413 39491
18643 14551
3987 17217
28981 8215
36363 2593
15921 7754
13756 46627
31122 28585
43811 5194
15288 37401
20421 8093
9250 38777
42062 29569
19967 35185
12188 36426
30041 9650
22967 48683
24200 26953
12949 230
36891 51035
4547 52811
4114 18302
44763 36959
48610 33899
43876 10947
18349 9623
19040 27599
50123 8151
4217 17139
43336 16404
615 20426
26053 23581
16158 51977
52257 30830
53930 34473
27191 3802
32610 31304
23827 24422
15313 17762
3647 4514
30433 21995
14136 49472
51317 11309
2948 860
28447 48007
17263 29061
15482 45040
54365 31639
44066 51947
9519 45045
33470 36709
50571 13129
15062 19723
37550 30374
39209 42920
36612 14967
11965 50747
11488 8607
9105 14435
9466 39276
9492 28453
13662 24973
20542 15077
3662 11657
12349 13180
2027 47542
49888 52597
5996 11999
19370 43546
44097 3904
31791 26034
20594 43755
23830 32081
54086 32935
48239 8877
17536 3056
39053 32921
28029 4920
47997 31690
16576 7396
44869 20327
263 41806
19973 7983
53804 39342
51528 43226
44969 30368
16309 10888
21173 40139
44692 20584
18399 38257
31184 37658
43036 15563
15904 16390
22206 10951
49803 40506
20070 41721
6158 22056
30576 26130
30038 31430
12522 28615
21705 2816
6033 38014
15428 27205
23478 7169
47788 43600
45425 24297
26583 33787
41583 44210
51900 9115
486 48753
49620 20555
37523 2827
42611 13425
28956 19698
44854 43201
48313 11884
47741 54345
51621 8494
28599 20424
15662 23436
9349 8137
49456 37655
43647 36365
27191 42596
45479 29400
38398 42148
51679 21247
44974 41339
36395 20979
6362 28298
9506 1724
41905 2572
3118 38852
12789 31716
6325 30174
477 15674
38310 51657
378 29006
33347 27568
16928 25875
2294 651
13348 53972
23621 5371
40636 7065
26349 48721
35362 37578
50445 24317
40149 612
8494 52937
34052 14818
28437 34528
32215 13796
33234 32593
42802 11906
5486 6779
39504 9503
9153 52851
10524 32774
5271 52883
41562 31620
46930 22250
14523 44424
46566 1722
45035 2109
1708 24412
16926 30144
5990 50865
45664 40947
28783 33791
52853 35992
42293 37682
47219 51445
37583 4792
31268 42853
3001 18156
21522 51654
42129 37769
43127 34020
39490 35211
37852 41197
6673 1827
18391 14386
52691 9380
658 28523
44894 53510
11565 32512
38242 5833
29282 21150
10624 5876
11052 13624
24031 32574
12327 11485
15668 779
47228 2207
37714 30405
43403 44386
33955 7119
4097 31972
16498 4754
7544 8441
5314 19108
40952 45279
26664 15560
13478 37288
21435 24529
52635 47189
4152 10288
5723 21543
12790 54674
23749 50503
30404 12478
41938 11408
19596 46034
45103 37818
52512 52647
46258 4875
18804 32536
50153 45468
49819 8956
28081 18303
35208 27765
12541 39360
38052 18263
6228 52566
18262 29977
50118 50389
44178 37382
7122 9099
30465 52225
48640 30026
51921 41948
36624 17774
21533 32102
8567 16677
42781 38371
36703 25039
13186 49243
9724 51237
14555 17675
50852 32816
49375 48020
30254 38878
30727 39099
49701 8241
36649 43666
39991 35619
32663 21940
53393 54195
1092 9009
17921 45596
49104 54623
15960 7615
50915 25683
5901 10795
45082 3803
45334 39782
51822 20913
23986 29598
5338 19012
37838 43710
9727 23154
26379 42390
46818 26821
41910 47909
37553 6881
38830 31982
6829 116
41320 4794
27522 48945
17312 19653
52747 7972
4761 51618
30608 28746
26541 37669
49481 9704
28429 4533
34582 133
46922 26725
28677 35882
21683 11555
42762 5838
43537 49590
7677 31906
1433 36923
26176 18745
1901 25972
28440 8385
22915 6097
37130 49455
43766 33660
6209 19244
38193 40790
19376 30440
14564 49776
11647 36246
6656 54408
43807 51916
51048 51484
29148 54204
35456 2373
18274 39080
28345 48437
47465 52983
54534 31644
47764 43625
10630 1022
9918 48822
43535 31017
26311 3424
26118 39682
41393 32773
41139 30525
30015 39236
29058 4488
38766 9839
8584 4089
48919 38652
52526 43433
36961 54109
20402 31774
44783 31031
32795 26
26902 21655
31042 263
26802 2485
41668 13520
35257 28132
44044 12321
14418 20152
18532 233
29990 27116
4321 25958
11093 3896
14716 48053
3330 35118
25152 49836
13198 4996
49861 41824
28374 26228
42086 501
30436 29079
15744 11019
4260 6838
23339 20401
26989 41871
20633 2304
16036 26678
29986 27128
30573 46425
20507 35627
26868 47382
30788 41790
54102 25975
28939 27801
53926 18074
30026 29688
48876 45769
42430 185
52606 12818
20586 24920
1738 41218
28948 17773
14945 5983
44901 45518
52407 12457
28194 26325
6888 6031
13440 8039
33729 44102
35840 32981
9225 12915
9718 3426
4009 52147
5334 3665
12014 25919
30308 13752
14187 6305
33248 29131
12287 25198
21698 10020
39378 51615
36344 46266
2972 51507
1354 36700
40934 37193
16730 50158
50107 28171
633 1166
27367 5966
6554 39381
33609 36861
182 47795
43166 33429
23975 778
3953 45673
10797 43330
42613 48864
36645 47308
45696 37999
31058 31955
22241 47787
29162 19398
23008 29794
20563 50374
37484 27116
36804 16418
11026 36985
11262 54191
15740 35236
295 21416
27958 12815
11795 17621
8729 48440
10254 54424
33488 41311
33429 2778
36148 7916
22175 4481
39434 44461
1904 23967
18626 38708
40384 29652
21018 53369
30892 38481
33930 32910
5222 8938
47449 17017
26558 1503
12506 36811
1252 47717
23448 34680
50494 6645
44320 19719
11125 30803
9505 13028
95 29855
53459 42202
6556 19803
42620 37447
3609 21875
17407 10555
32536 10181
27571 4419
11683 41800
41230 12934
36566 11727
49338 34109
18371 40707
53827 31219
16835 10382
45970 18653
40236 44755
7904 48515
11607 50523
33011 15215
19447 50417
25769 51983
5923 389
1727 17605
43912 44680
32263 25803
1732 28650
5238 21826
16406 6114
53044 34964
16495 44340
53616 3780
36144 8569
54018 47750
4417 32355
10014 25587
28097 35783
22895 35744
37895 26346
398 28857
16351 34384
1709 18083
8359 8670
39908 26488
14784 40002
6777 33002
31391 7442
38506 12860
16010 37849
5935 22150
15529 15948
47737 45350
53454 17681
26419 38399
44026 26816
14305 7427
6526 16013
25509 16608
24683 12466
44820 41190
54191 51596
21241 30907
4364 5072
43766 22097
42921 51424
45971 5499
14422 40757
50848 14925
3763 24316
53323 49513
52856 12953
2265 4707
30690 29497
23038 698
43686 13183
43611 43203
11829 10177
19435 17916
15249 10251
40012 5219
7000 31308
10717 23145
19114 8615
38070 22877
32930 38442
19439 31111
53119 21703
37541 29134
52923 7629
31555 41934
22535 20491
32186 34363
32391 53345
52278 49363
8921 37616
54581 17644
15973 12348
40789 35087
20962 25908
5013 941
9675 24451
33776 8119
47877 18366
37252 47849
25994 15856
36832 48529
36346 14344
28217 15787
13014 27545
10475 23658
10486 10382
43025 28182
24453 29139
10318 47138
2096 15330
48078 11771
41504 28903
21613 36430
47269 5915
29604 18588
21770 11762
14166 5166
27829 44107
20952 42566
16977 31426
11549 29186
43531 54573
4417 13309
30762 14735
5772 32857
31788 900
46351 20342
29802 13290
2097 24120
20928 33425
42708 42697
45186 3923
47862 20064
48029 15863
7955 12055
47289 21227
41240 37869
22849 47381
52902 660
7441 3999
35241 40952
6622 26917
6619 38148
41930 10440
7593 8183
43864 52024
52604 36099
1273 45791
1488 51025
6980 11166
8406 1318
34116 51369
40910 2290
44075 39137
2950 53239
44860 39914
39517 51481
12156 47859
36678 1136
3624 44271
11042 49211
41620 8971
30635 44616
1812 33846
40967 10515
45011 51096
11832 24452
49514 54465
28466 40639
38928 33139
39203 29113
18378 25769
27643 32257
20678 9647
33392 26025
53917 46158
20562 42586
454 52920
32528 2265
32092 20544
14503 24152
18689 28058
50328 13528
27849 24119
54166 12102
4307 40419
42938 22684
13237 17630
1990 33914
27276 37106
6989 28242
28589 27550
17878 30766
27519 50405
33031 4936
17998 49257
29088 36686
22641 26465
51937 50489
50583 51429
9640 1939
38897 52577
24622 52133
15532 26611
33097 44532
9042 40085
19823 39354
14684 37700
15446 42202
35154 50200
48862 53151
44782 23275
36886 12748
51463 34149
8562 47371
32627 19925
49309 16849
17827 20980
16031 35083
49314 50851
24940 5406
36261 46486
44759 52668
29512 5530
40196 11715
2779 34383
11916 47561
4707 48801
7358 1495
29999 17644
50589 7951
37568 46947
26523 721
14976 44278
37527 9615
40454 9516
16744 23765
1327 6829
21758 32562
14082 9003
44277 16861
45109 3242
11471 51539
52042 18828
83 29091
36471 50671
37041 19365
44667 10614
21809 4968
217 4661
16307 42394
14176 33050
11484 17226
41602 34966
49788 2734
45692 41114
21318 37851
44355 32788
34715 41722
53339 34798
17862 35136
32518 229
1550 22511
12566 23358
29202 14506
29742 45508
2225 45641
23884 15433
8192 10811
52122 5029
15268 43139
46142 36585
26315 35822
14698 8080
24594 13363
42877 42455
50222 20720
44407 53495
44954 2298
23902 19482
18527 53643
10315 20752
46333 35922
37908 54524
48457 35355
4879 9050
25543 51020
45635 53582
33892 5658
6987 3811
20744 51587
46265 18015
19356 37722
16835 9636
41743 40736
29117 5596
39704 39431
28071 31362
22403 11304
32936 16185
48382 39538
25234 20974
35883 16194
21605 16824
23576 30315
20634 46043
27227 13949
9384 46583
51670 26218
3268 38738
12280 32384
46057 53707
18864 19453
32119 41266
32480 10380
2776 26187
49917 29734
48885 32849
45927 15815
49673 16552
46130 17356
7921 20406
31304 17304
14038 30023
43521 17305
15811 1126
49688 7193
1883 13878
26646 34001
2193 6175
46104 6693
34086 41346
36426 28296
21244 27678
45834 17966
44230 37289
35322 52150
4745 13675
14779 18782
43698 5349
36087 4834
8199 31100
12026 10081
46701 40395
45805 50618
46570 37234
2636 25981
23905 39061
1326 46872
12064 47159
10164 3343
31498 47209
2542 36242
6209 19044
349 49906
24393 36435
1789 34315
14585 15539
44395 8335
2983 37249
4278 51276
19808 6913
22582 45436
45973 25631
37633 5087
18116 49520
10153 51337
42054 12695
32904 49987
33462 33252
46942 3180
16737 48731
39218 33045
11319 30662
41379 14301
13236 45657
10903 33043
52569 35208
23804 45592
7889 8487
50678 26004
5056 6156
22666 47110
20574 2619
42422 54036
37594 36413
4265 54330
30469 43483
32700 43511
19470 19405
3138 34430
12111 15764
12798 10005
52695 38326
922 5909
48536 53323
33636 53591
4805 1627
47750 27102
5969 37221
28187 43563
18960 32452
44942 51152
22984 22968
39989 44177
44096 44850
23932 1532
5939 38454
13260 3959
23829 14182
11592 17690
12830 45227
16606 19358
48578 9682
48184 54546
46902 21696
43434 11187
54147 33702
7665 22456
3719 49377
13683 47814
39552 37614
51069 47214
23117 9654
51172 46945
25559 9813
9960 40113
366 28290
4796 48943
37971 52979
48814 31922
20001 37574
44833 21197
18325 54221
45377 22043
48923 4385
16906 33800
43722 13300
26339 12165
24677 24560
4435 50236
34373 14395
35674 36462
44408 42193
30730 27704
42222 24869
4951 9272
9492 51507
30468 27816
51053 22894
51582 45301
29002 13813
26150 18050
28836 54212
30214 53513
25822 36372
50798 7244
52490 31797
43705 42223
21039 19760
15252 8586
46352 21927
19581 1170
20483 51773
30709 16862
19992 27617
9212 48994
41429 35362
14093 15591
36623 44306
16153 9494
27727 12276
16737 25543
45796 7491
13091 13884
28974 30067
24194 20652
53717 43774
23545 19525
40872 1303
36386 7914
28919 45598
3957 17398
28009 18049
34712 11681
9404 52588
21175 37130
10189 39635
7998 3034
48850 22813
16917 23149
52879 41110
45524 51921
30210 16118
18495 18131
17421 207
26044 48063
47528 30000
10786 22586
48048 47221
35990 2777
45134 4214
41631 648
45573 49628
5405 39748
17766 22322
9946 17694
8757 796
14940 40690
16913 35159
4147 34333
35365 30190
27722 29942
7240 40231
54251 2337
32778 35566
5114 24961
41504 48468
27333 32402
43421 32737
17475 8237
384 27420
25930 10865
29939 42594
51554 46852
23078 2750
28234 5492
34664 3005
35433 41903
44960 36733
44239 23063
17624 51076
49747 4453
44869 22405
38578 35340
468 1378
43576 2575
30522 14831
13439 7510
4474 12043
54361 27551
14792 29645
33042 49455
34373 15524
38407 24658
52256 27972
49444 16930
26097 44517
23106 18016
12247 7010
53355 14438
10111 43980
17013 42356
5860 32175
49866 10334
44217 51276
37884 6059
26246 17976
2563 7669
35223 40970
32326 32805
15991 27096
51458 43811
16938 19889
7152 29184
28622 5832
43622 38733
49811 7684
26414 997
39858 23329
13054 31125
19931 52661
38907 47900
15962 41469
894 51185
29488 33220
31039 47202
5641 27822
36339 24302
49434 43490
535 23382
51046 44156
9164 47906
53563 37301
50626 38747
5956 9005
16921 27610
6992 1153
20835 24677
44345 23453
22911 20883
3722 999
13410 11086
30544 51472
35387 25304
42012 35921
50409 38383
27127 4898
33338 26015
43922 31014
11811 51601
40018 28731
24536 48733
31607 47095
20460 23002
15873 45094
43884 19594
46093 4343
32403 21962
1141 13115
47265 43152
49035 44723
28584 23211
51344 7247
49226 40592
39984 6362
37518 27052
36817 9104
22834 15473
1524 43293
38474 19120
33713 29407
40437 26855
33750 18165
48816 34890
31279 43131
25091 27363
33179 53674
50574 29849
7970 46849
17490 47954
260 2057
20331 38800
11160 43164
54273 12683
33507 39796
31802 14269
14529 19288
41123 48278
37452 35264
30217 15780
25444 633
43143 5673
54306 40766
35521 9325
34664 60
2604 34923
2116 24658
19049 13276
14872 20371
27682 48378
5492 6534
7972 21744
25821 49094
15347 10323
31407 45563
26102 3901
46195 14570
9573 47550
2385 46817
2201 37048
46876 6528
19021 50715
31186 38069
11040 47781
5489 38722
41484 12704
46979 49455
34448 19849
45598 51518
30171 24054
42407 1599
27954 35651
17892 39250
30251 20277
31392 34175
2650 23593
40702 21670
21358 18937
6788 32397
12043 14000
18168 53526
26704 10472
50030 8201
30321 42677
5044 7541
13781 47450
9139 43458
30151 27031
28034 5727
47307 4751
39901 51680
30068 27652
20400 51425
48313 28911
29147 5681
42911 49039
6257 16664
4836 3336
24864 36880
47737 29907
44421 8567
24407 53559
52024 54557
27639 27107
7333 21995
31858 48957
19001 8975
21934 41124
7449 15572
15360 38319
22977 3596
32683 30957
21983 39243
34292 46846
21448 29078
22079 12918
37644 48209
13527 34994
49815 41165
7426 2473
8486 41007
53153 29210
51705 20412
15659 4479
37708 31018
44522 7734
36338 22530
38690 3646
7098 20031
52216 30270
49109 21344
43187 32078
14878 2039
14121 10018
44928 23271
14214 463
11327 12692
29672 8358
34827 47054
14560 19584
25121 4407
27317 6784
28661 13056
12154 35758
33087 11419
13077 29245
32762 1590
8372 47639
5352 22493
4706 52003
47487 18919
52465 4139
31610 29186
14220 13486
21565 28780
33070 46686
34910 7436
519 8896
20492 14396
44654 628
25814 3056
29872 3901
6369 39967
53263 13445
7785 3294
10773 2321
22212 8564
6460 871
37749 22403
14357 6364
51182 49150
53049 31418
1911 617
40313 22402
15013 32016
23029 40826
36796 54624
46451 44888
39917 46763
3658 49425
50057 16155
51746 19318
26442 5255
21913 11240
27657 36269
17603 25889
30744 15977
4356 34378
18318 46392
2106 33330
25458 26858
21205 7579
28532 14705
54190 13774
6794 4898
10248 2176
21052 9043
23217 47493
16021 45129
4058 45402
28447 21661
16616 6240
39361 20971
40618 3004
14412 42723
38057 39869
16630 4588
49171 45161
19292 48687
5984 27809
53584 17956
29984 21685
26998 53201
16227 43019
45379 22008
35470 19152
45392 52085
25391 30079
20105 11334
34806 34516
1106 19913
19711 17736
26224 14207
9946 45515
9943 15930
20374 10576
35609 50357
33984 7932
50607 50210
52674 41312
17544 33469
5789 8261
32603 32903
40063 52707
44237 21919
34273 45342
41831 53983
10127 13380
15239 20073
5944 26906
37726 26317
37481 18660
23724 16791
28315 19656
14050 26315
8017 31593
6833 15529
39854 39436
48432 26966
39192 37994
48884 18790
30385 36040
19822 40512
49419 36785
7634 2413
9016 45359
28729 48220
9344 52452
12060 37658
19158 26110
11022 27174
4752 19579
44427 46329
6064 38184
18621 45255
23227 12830
11095 661
50594 32640
41172 45338
16474 48805
49474 25489
41213 23529
20759 50556
23030 34542
35264 42187
7701 48009
16411 12453
14637 6163
4107 20700
46070 22727
13005 16346
37281 25823
17006 33200
3788 3504
25587 20262
54032 20387
47474 40571
43915 15282
38176 12270
49824 20489
1507 2850
15548 17917
17026 30184
25803 21133
50884 18922
45583 10938
35267 28189
36760 52272
8438 42271
2825 34025
9582 3907
1461 2382
46201 45375
19387 29702
4694 16260
51915 7924
19110 12788
27564 37859
42971 416
4317 40904
19337 51624
51841 1653
25138 35650
975 35300
23247 5523
14650 34552
9429 16110
38657 955
8534 3370
32381 14951
19629 31345
24599 40462
44132 52162
23647 34152
54302 29687
20382 18964
26636 19272
22341 53498
1972 23315
34123 26942
30561 50496
6819 41714
13655 45476
44392 23912
50569 22098
40586 15523
53442 10510
3035 44623
9722 28405
24101 9349
3417 46206
30036 31777
12527 52376
30600 14498
22740 11772
41439 53301
7593 49982
40340 22971
42507 30057
46882 38401
53879 32793
973 54370
45027 5731
44319 74
34135 15469
9422 39276
7000 39457
16378 19526
38883 48701
35748 6948
5798 24236
5574 15114
19543 47637
39808 7375
24744 32015
47499 23948
11857 48472
25367 2209
54202 15011
2282 35387
30479 13427
19988 39202
52884 36365
5778 37092
32115 41525
45763 39636
11086 51337
1799 32353
46023 41606
41451 16092
20670 34276
41763 32526
29797 12456
34735 29324
29190 38740
11760 6719
52167 31747
45920 52100
15161 53421
36241 47275
40271 27329
33960 53081
25715 35758
30759 17064
22689 17535
34879 43358
53534 23692
22934 28656
36147 2994
5030 12386
43457 16789
19104 42673
50260 12074
40098 10746
10820 21664
5071 52815
50717 39030
51221 21757
21838 29029
40544 44526
48287 20749
34934 47147
44440 3193
22852 27636
7910 27881
40021 51366
46394 4451
39365 41979
16524 26512
54448 29067
49900 4844
27207 45942
45598 25477
13024 12761
54505 53568
4336 48118
19642 39269
42314 11131
42461 10491
38766 52094
38372 24112
48786 31815
30286 35200
19119 48533
8761 18892
24650 3986
25460 51856
49927 18107
22659 8277
30867 24213
7170 36926
19380 28535
21521 7019
41389 11031
17510 27204
8451 2931
53039 4286
34745 28651
41209 913
24233 49969
21528 48882
53955 46987
47788 50931
12143 15772
4533 44733
41708 13426
26985 6414
43684 48505
13432 32122
6585 32665
4651 16759
37319 3016
22768 19113
33390 9302
20025 2948
6321 43277
51830 7325
37313 46667
3581 49456
7764 8114
39514 49471
23263 11824
2934 13997
7378 16366
46118 15687
50754 50769
32445 33399
53784 539
52511 32499
11564 19586
37170 19608
8188 36049
26932 45500
28041 30513
42005 37528
40350 26845
34049 10662
40392 36982
24658 47770
397 16102
8782 51151
12196 42950
29875 13029
43488 29435
47251 2102
49020 29746
21709 2533
12845 50365
49757 40885
26203 37087
23739 13602
10981 4837
24263 51373
41818 48921
44468 42215
10348 299
40415 24267
43248 15615
37295 33786
45049 29871
35887 41119
6666 4645
45375 19510
2059 40457
5721 28261
24594 31183
43586 35574
36019 14899
33996 24886
9145 23789
14150 21216
25811 54564
45482 14385
17228 29826
48170 9327
5022 31106
50445 13411
37474 41145
32921 39533
28652 40365
14843 295
16873 3755
37592 54615
18653 16914
26550 29521
42426 40700
52460 13563
42313 43267
27947 6591
20142 23166
15917 26887
1321 13411
40297 38794
54555 18543
25376 30256
4233 40219
30550 22829
45697 13468
22769 11399
32105 51043
40919 19856
37068 38704
33418 26430
29020 8414
33020 49161
31579 48936
21373 32899
7672 8719
18743 9277
27262 44118
41256 33218
29662 17132
1373 22408
32323 25865
33806 9753
22233 21774
31332 6350
7527 10076
32780 36546
18489 11125
32756 51792
7111 1178
31740 16506
9897 52206
27506 38882
41650 14088
17425 18361
32943 18797
40769 10591
44662 21624
22067 13944
45122 53398
20294 52648
10523 53073
36244 30736
11247 16049
29577 20081
17227 6642
36587 28847
4174 9418
13054 47547
23505 32202
12957 1773
50999 775
14087 42710
22399 37877
1979 12846
38325 22272
12543 48847
22394 48786
26632 35365
10161 1534
771 29111
9900 39081
5007 15797
48499 19784
8669 19053
51985 23349
22550 50033
24124 36636
38068 48246
21563 41771
8141 5213
11092 20683
1109 35210
14795 27741
15900 26679
30998 16670
1115 40897
1077 6121
2019 51299
25904 12411
17401 24938
35760 39950
20297 6933
23636 5414
504 45198
48908 8644
52134 5326
29326 53242
40535 45844
28032 3484
17848 4356
21877 20686
46976 24677
28530 48995
21301 1483
8455 40426
26421 44214
25701 46717
52870 49336
52130 53373
41583 46364
7342 39042
53413 38392
39334 40997
31285 12691
44480 49133
18770 13406
16868 11072
38083 45398
7116 6433
46880 15570
46858 18626
6834 17885
12392 5029
14270 9848
5452 1179
3261 12793
41944 1999
52908 28327
44719 29519
42742 36248
25701 6837
49653 42568
19632 33061
35015 26747
41218 27221
44041 33401
47570 52598
53009 5288
2952 14329
16859 10127
17231 20119
22920 6224
23841 22877
34551 13885
52395 22618
50132 25145
29454 46834
13039 50810
26945 48053
22882 13488
22323 13972
48612 15219
11895 48671
20506 16571
8325 37364
26697 25555
4532 51340
31778 30096
19543 11654
43980 18987
35995 41161
45856 10775
33320 4220
8634 5590
53996 31515
20801 23369
47211 14739
40311 4431
8735 6142
22725 17059
45229 49422
44337 51484
46087 23164
26905 12679
36542 17934
33390 17862
4420 24571
30360 39463
30514 38993
46777 29835
17558 12903
253 10094
27641 40563
16248 38099
48428 38973
2207 40706
33720 46543
37515 26856
15033 11469
41259 51574
29402 19974
14761 35545
44544 46845
20334 20383
31163 14160
51941 48720
27062 52194
5863 1753
39806 22111
41575 33560
8133 43782
19591 41852
35650 4156
15757 52406
15624 2341
51029 45026
22314 12840
27620 13907
5010 49677
36013 36172
9162 33280
31942 37948
32523 37804
39700 17654
6964 26600
51213 15096
17431 17854
3997 53081
22009 19754
52536 37632
23818 48891
29707 47856
7056 2653
7088 12065
52329 43101
49960 8541
23430 28951
46488 3002
13805 33237
20655 20768
6886 18918
37588 24317
38495 41584
24447 5829
8387 22308
45184 32205
16524 21941
27110 25303
24593 34197
39091 23971
24347 36101
32511 49500
10377 26048
52501 24181
4610 20206
46673 11496
40847 29586
37536 24667
18219 7308
30495 28330
29615 22728
5860 47863
44668 32969
18491 16310
14215 2908
40281 40286
39008 19841
35111 51108
45889 32938
22339 50498
53143 14337
9043 39315
45646 46578
9307 10914
53885 41525
39243 30550
11302 46826
23738 1296
26844 43952
17605 41059
46859 4935
26670 32916
24776 7106
31074 17714
41767 53412
15261 40235
14798 24304
26599 5769
17931 37629
18406 18866
26203 2975
49415 37505
49800 20202
40524 21970
9479 3454
10078 3388
10113 36747
36303 36612
45576 14426
54325 32669
13163 14911
19953 27960
40938 46552
35452 4195
31230 53858
23060 2759
3882 19524
40263 53681
39725 26112
22700 50927
31289 32777
54314 43125
16573 37667
25062 9199
52092 26436
41867 10581
41347 8869
40264 29334
746 22766
33528 31976
23673 3637
34734 27554
24884 22046
28284 11658
49881 50984
7911 28219
30810 7550
16670 47383
45216 43455
1907 42634
15217 45497
264 1889
54365 42251
31222 2161
10342 11800
35860 34014
17160 17643
8617 42044
39688 36901
751 36618
34934 8661
10162 11069
16211 28555
5501 8476
17336 9131
52833 32552
54627 146
36164 1368
42397 14435
3528 54462
27958 39387
35526 45118
2355 44142
34211 43766
28092 34961
25709 8351
43622 37594
19420 6882
11475 26644
17081 28810
35775 16964
8411 35727
17109 44574
38818 4831
6058 42345
6343 34016
28781 41868
26183 31135
33059 5719
21950 6477
40679 47658
14827 31350
30578 35970
39955 43776
7940 4086
17911 43714
21049 26321
26490 38157
17944 10634
44712 24001
28 51054
5066 28809
38247 31248
6993 16631
36966 28943
24831 24695
23650 39658
3094 1277
20953 44773
45052 30616
48858 8288
21379 15232
36332 47869
438 1325
5552 45149
27050 7303
41528 32115
36111 26824
8689 44828
45179 47378
20820 17059
19122 44469
2042 23940
45746 24719
14038 36123
660 9945
46135 23763
25176 29516
18681 25613
30841 24232
17812 4940
33258 6389
37054 16419
34937 47466
6572 27165
41894 27391
44223 6341
17185 46265
30280 9980
18033 46041
47827 20416
1311 41011
44178 26486
15852 8184
53823 48416
34139 18684
53355 12723
25072 35735
29141 5334
30250 37436
34222 17469
10152 23771
25534 29060
17085 1139
40764 35117
47180 33916
2582 50214
20252 46760
23750 36103
1993 22898
31569 36132
43305 30249
50578 13702
13033 26768
20760 43283
9529 307
7801 21404
25801 33334
50463 42885
36197 36552
23327 30426
17517 27633
25965 37768
19718 49714
20921 23434
19661 52489
6615 8291
29787 2518
23717 42820
31009 44476
33152 40537
46506 42676
8990 17633
21336 4779
5843 2858
43054 30894
35007 5897
3852 6297
45388 25293
3061 13358
48726 22721
11172 2391
32736 42683
4908 1778
32552 37641
47977 12753
23503 39808
754 32493
4490 23813
38995 12057
28394 29098
44674 8726
36718 50249
15023 29156
22591 19807
42513 16642
42527 53685
19032 20588
43417 25664
24089 21294
8630 17391
34046 33856
4249 34799
13398 10462
3938 54116
22518 32331
30264 14241
42781 12307
9815 3129
41462 32405
22935 29301
50771 12511
30035 16852
34823 18777
44239 4237
41794 54592
23352 21165
33774 29324
1289 48895
39785 6950
48337 9353
41005 23926
23593 29111
37956 35132
33963 26468
12862 3947
1094 10682
16457 32852
27534 53003
53352 18822
4290 40471
18740 27641
6961 52513
4014 9973
48457 43798
18647 42119
200 4977
13094 25517
34087 52774
5974 15099
24567 20559
19045 27384
31241 37225
5561 5824
35554 5962
24645 39843
46432 43384
14533 442
42946 18546
10414 36729
9393 30784
25897 9593
35760 40715
35109 16896
38814 41082
31994 10430
6966 51038
37813 39930
33589 45097
45753 16192
51058 15724
3084 44539
6157 17616
44980 49103
36161 2443
31157 47277
33227 4103
2195 16036
44817 37303
32932 30680
25434 10251
41109 34124
6615 24247
19379 41927
16393 12182
5168 12776
29629 8251
2640 35785
25866 49343
30213 9076
53510 8419
1678 33786
14246 5597
49821 6112
44623 28078
36792 15383
40053 23226
51230 46667
49197 17658
35643 10915
29839 40810
25415 4793
50784 29778
42302 23699
24447 19564
34498 25006
29707 36175
4117 43952
43495 987
50063 33444
30789 32180
50550 16167
2456 47105
9883 53376
10088 45525
9616 41651
33384 35030
46443 29493
10134 35794
241 36304
684 34738
8359 30390
17962 14199
19667 6783
15185 16779
40226 45973
50683 37825
9189 53138
30255 19071
51839 42066
11645 8504
29042 46752
45258 22535
23294 2441
3654 23534
38744 6061
3597 47102
36450 21559
6626 3166
28341 23534
19945 15616
16557 15953
53440 25745
16140 30744
44816 15028
18135 3510
23531 48901
50262 15838
18485 18881
18278 23862
42415 4071
29923 47735
51172 11698
16343 4847
16588 44683
30105 36532
7348 46661
54208 7837
19455 15673
38580 11320
30700 3765
14830 1280
54389 12141
18842 18199
31021 37119
43784 20485
41190 19032
15270 39411
32454 31612
45982 49041
23345 23136
32622 30692
15122 32155
40253 36300
47827 24158
47620 25576
29646 9499
28579 29360
21639 47420
49282 54383
29865 40116
20194 18104
6197 37187
2840 38650
14124 50545
34740 37468
19006 12687
15210 35851
44841 788
17477 39717
24945 12146
10618 1641
21644 39197
32724 45006
33666 29056
44714 10580
14497 11957
28683 20693
49143 33247
6393 8593
29117 41132
47784 49847
869 8319
31023 45709
9106 50223
32476 35775
7694 43093
39139 31061
29339 17188
21392 10055
46243 11432
20634 7789
23388 49317
28482 19581
27889 36598
29897 4055
23055 23006
53901 25647
33049 30250
18406 43878
27522 50881
26702 35216
41023 11166
11602 17412
30078 34718
27466 23370
46149 48099
31159 16586
42741 6690
37890 17679
43287 13112
21734 13391
37842 22684
39038 16216
54657 2769
5419 27505
699 33845
8046 41721
45010 21371
4458 22137
1414 33647
45507 49286
27072 21991
11198 16862
30404 49087
34541 19016
9249 3324
34130 47090
26007 18493
10355 25990
22985 17497
53494 25407
51341 8589
14178 43401
31683 20359
10863 33097
54006 1695
27708 26403
23685 40629
44988 54088
36766 26578
20153 47738
29901 54283
40153 2958
19825 50507
30671 44534
13329 31214
16990 11720
39802 31167
446 16810
51526 11308
51630 50857
13003 26388
24309 38411
14066 14622
39549 52555
41200 6751
45618 18150
8083 31096
21107 27908
28652 51777
19491 43705
30040 36480
750 15167
12973 1195
33701 9824
12502 32380
7730 27228
5817 33762
10965 19883
50107 52237
17763 36632
4313 8707
1832 12396
41526 24662
42027 15504
23489 8567
4534 53528
45046 5283
15745 5068
8201 51169
16615 20702
28874 24344
49654 36415
3431 7668
1623 53538
5230 21109
37219 11266
29815 40774
25385 18391
10762 12737
33894 34250
23027 40151
33103 13399
45433 50571
18466 53633
47065 35081
21384 22989
6474 18087
4729 11629
25754 6351
10492 32707
29183 49434
43973 6048
35534 16407
24438 48019
30868 3657
27594 53894
43807 7746
12618 36289
3643 32808
36971 52431
13214 5404
20745 21411
23491 25473
33039 49244
33547 45254
27277 8056
40014 18299
14103 22597
34705 40264
15941 10898
45644 45258
