14634 9082
5062 12051
3142 6054
8666 12155
11759 9995
8394 9543
8297 4183
13476 944
13283 7922
1012 6213
4300 2796
8846 526
12866 1298
3815 8751
7821 7721
11384 11586
2168 1811
6318 5309
7864 349
146 4988
7659 8539
11847 13272
10037 10688
14215 8685
1291 592
263 2906
704 6425
3431 13569
7722 7245
5001 12858
331 1751
7125 14449
3561 10758
2439 8741
8423 2584
13728 1447
8438 8256
12034 3840
4309 11614
9840 2915
9522 7419
5821 10225
11159 9251
9159 1562
13812 11475
11735 14142
13225 4225
11272 14102
348 13711
8208 8770
1660 4617
7533 7414
12873 4932
8569 14497
13862 3775
2778 8749
8509 5914
4339 2349
530 13497
3910 14341
10337 1010
11165 6244
2550 7802
5711 2897
4194 11234
8983 3170
1216 13831
10583 11404
1444 4517
11267 671
5607 11360
9419 11431
2639 13757
13779 484
9935 3054
12141 2954
4063 5987
9197 3928
11104 12223
6825 664
8822 13123
3833 7353
12319 14415
4123 11078
1613 12705
11749 7220
6746 6533
4016 6700
5656 3161
7183 12906
3530 2005
1225 4909
7991 7737
8836 4461
5325 12976
5124 11462
11464 8956
1497 6464
6052 2935
2908 7664
1005 11972
12199 5066
3870 1581
11765 6841
2057 1629
5113 2902
3634 6337
7810 8940
14074 13962
13400 2080
12303 1205
10858 6449
7476 12354
10228 13527
654 10451
3873 13608
7788 1437
4039 8974
333 1169
1180 2389
2797 6292
2607 3746
9945 7732
12686 6700
7059 8767
8779 2044
9972 2318
8492 129
37 1401
13656 12640
9168 2894
11613 2321
1646 1017
11294 1979
14135 12474
1683 14248
1447 4289
3359 11391
12021 13360
3456 1761
7493 9551
3804 2830
11868 9611
274 9221
11012 13929
7226 5545
14138 4205
5181 1150
2537 13791
3128 13988
8946 4810
13601 10392
6415 2325
7149 3801
1051 7920
2877 5859
152 6681
6004 12020
1657 6277
3922 9984
2888 11147
12844 2391
12667 3391
856 12520
14497 1299
11873 8808
3425 10839
4565 9839
10479 9029
10955 8845
14265 13831
69 14416
5877 3388
9117 4850
9665 13038
12149 12552
6867 10359
308 2215
11065 13114
100 10927
14412 9288
2416 3202
5492 4296
13040 13287
10641 6676
4813 10271
5873 2198
7368 9065
5585 13801
11230 615
9520 8745
13166 1752
4469 10790
1283 12849
6585 1382
9141 6362
10670 8872
6880 13477
13167 2601
9445 9173
9277 11574
2125 12465
13771 9493
6895 4721
8659 807
2652 3544
9551 13133
2612 14019
6604 3894
9549 13188
2591 1371
4916 10576
10242 9111
6735 8774
11711 1545
629 6353
13118 2753
4183 9570
9561 8394
14291 3585
9200 2308
4445 1432
12756 4372
12766 4726
8265 7680
3279 8171
9050 5510
4113 4657
14620 10847
10746 11697
9707 11374
731 5507
11443 2230
442 6369
7939 12048
7270 2504
11671 9030
3935 9793
13401 2066
11834 4347
7061 478
12517 1476
3304 13945
3448 605
7473 14193
9617 2546
8249 10348
5368 2373
9893 3125
8741 3197
12489 13326
3016 9525
7721 4266
1999 3803
3647 13832
8149 10707
11626 3348
9498 295
2658 12945
899 10131
9819 10516
9992 749
3545 725
3121 13437
1165 9178
13949 13653
7869 2330
5860 12906
6595 7858
2074 7557
4372 10223
3629 13313
13570 13126
13607 13543
8752 11821
9039 3936
5018 4396
2001 5878
2436 5121
1996 3601
14298 1310
14569 4849
955 5794
3120 4865
10968 5193
12421 705
12731 13365
14017 11666
9172 10305
7891 3289
4807 2295
4541 7141
4007 6541
13018 6442
11661 12330
7358 8641
13639 7293
13489 14594
13086 1974
4824 9419
7166 14561
7439 5263
13291 6821
14244 7829
14441 7500
11117 1930
7111 12973
9070 11117
4879 4769
240 13856
2464 7598
7862 13419
256 6716
10694 10657
6005 12833
5442 13170
12759 12880
1114 8732
2383 12674
1926 14139
2855 10358
1434 9965
8697 7819
3763 13575
12588 4003
12796 12367
8916 6023
8467 9171
10054 1842
5193 1424
41 7950
11910 10115
3512 10339
4212 5894
5694 3453
2714 8549
13811 4148
1195 7873
11966 4958
4129 7235
6276 2291
4968 557
5629 10750
7043 12999
12592 9551
14422 9948
2867 9013
5428 6378
2034 6956
9587 7727
10408 12300
1641 6900
13763 152
138 11095
5109 1583
3695 8700
3873 5978
9256 6817
2094 13614
5181 12001
8530 2285
7314 11396
11297 10057
455 13330
14328 7357
3739 10102
2339 5379
14317 1467
2846 11771
9877 7954
13353 10888
13969 2591
14181 8590
6723 13590
7569 11904
10956 1465
14188 3635
10176 8166
11008 7947
4178 10701
12619 7916
3484 323
10610 3167
13740 13456
303 8982
4091 13655
2551 3426
13561 2098
9331 5649
1053 14216
234 12009
12996 11737
12959 5853
5269 6648
13799 6762
2715 11784
11993 6198
9422 5284
6680 8527
1421 6982
191 5512
3318 2741
6253 14194
4838 12899
5209 5891
12480 2758
581 10841
14495 10855
2060 2445
2869 13174
6522 5583
7639 3880
9096 2427
9163 1142
8269 10584
5439 8459
13411 8757
8516 2345
8316 13353
609 10840
1925 13089
13598 14455
6611 10774
10676 8670
10534 10860
4526 2421
13758 12164
6300 8219
11906 12778
6676 5541
6043 12115
13999 2135
3553 5196
4479 11868
3915 2404
5390 3155
858 1669
2976 4784
12442 10967
10770 8341
4508 661
8077 3631
12824 14376
9165 10096
9835 1207
1002 1244
10637 12316
3378 14189
2878 5173
8738 4108
7576 14127
4578 5749
13111 4869
10532 10918
1201 6667
1940 3024
4643 10016
6654 2833
7073 13135
10244 2274
11657 8561
833 7659
3558 1526
4529 3751
4014 13266
7858 11589
10075 9752
19 8551
14620 7867
2151 13137
11849 1406
1526 1858
8738 5496
2006 1176
3996 12249
765 12968
3491 1597
3308 7048
439 7836
10799 4452
3783 1338
13357 13857
11089 10691
5090 8391
3923 7240
6893 1138
8645 5734
311 2748
11229 14266
1240 12540
11880 13954
10873 12686
12867 14180
5099 13305
4697 13213
438 8480
11867 13794
7702 5637
9851 10107
14027 13773
2712 6285
12226 8673
9335 9852
8736 5929
9483 7291
1151 4044
6611 9339
2095 4843
6201 4510
3513 10897
404 3950
2058 12270
426 7076
3273 10276
2548 2665
6730 5260
6266 1638
11248 966
8805 5349
4210 970
12640 5360
5013 1932
12015 4424
6774 3581
6249 7602
11793 6652
8867 13851
4288 9292
3608 7560
2249 6155
7540 8979
8730 13805
7932 5343
12086 2102
8008 1662
3071 3329
4337 5400
5260 13667
7139 9349
14563 13387
2316 11722
2720 11182
8254 7007
5840 11861
11882 8088
697 4788
14382 9427
1274 4995
12085 13360
7097 2774
12337 7483
6102 13989
10198 8677
13022 18
3391 12950
13404 3022
7353 1490
14204 12922
5812 2725
7464 3060
8128 8161
5163 7876
269 6436
10186 12353
2477 14598
12443 179
7447 3910
11484 326
9903 9871
344 13293
5502 11063
1681 12855
9868 13200
8458 1046
1290 1288
1421 6733
9448 6583
11924 7032
13018 7476
2066 12811
7439 14508
12989 12201
3784 7154
12527 11002
2390 10186
6976 7892
6614 5972
3428 13798
4537 11885
209 3142
13172 1629
9875 5301
8211 7164
9648 3910
11955 11714
2086 4760
11587 12391
2326 12686
4910 12168
9053 4616
7719 1395
9823 11649
7366 10566
10812 9219
7816 8336
9676 3670
9964 2232
6286 856
6712 1300
2081 4032
10329 1483
8791 7281
13873 11117
2649 1464
5966 11701
3395 13685
10411 13217
8015 459
9148 4192
6993 14280
9843 2034
631 2488
4266 4232
659 8293
5531 2739
12324 13175
4221 6481
5822 775
279 8470
14189 6244
2852 2949
2610 10579
13482 10624
8353 5311
12131 711
4956 7339
60 2902
9826 1641
7134 7800
9933 9980
10539 7623
8521 12075
14103 14342
10166 11697
5493 9720
622 5660
9984 3232
1604 8831
11171 9956
14142 5984
7982 1779
13322 8042
4681 5830
9682 11814
13629 4981
7159 6849
12603 1045
1606 9387
12702 11771
3765 876
4172 4386
6536 14155
4933 5455
5668 1470
777 5175
7453 8758
4269 3456
14115 8949
6601 9163
3444 2912
14143 10603
7076 12111
8963 8681
4179 4347
3133 7943
5222 7304
12328 9073
4141 14577
14528 9808
1412 12620
12298 6180
4059 1932
6951 3540
8197 10868
12702 11640
11095 12210
4924 3536
7002 13887
9533 8496
915 12665
1804 6136
5335 11447
575 9475
11389 12418
1964 10116
10403 14261
13611 14461
1558 3244
3366 7070
14111 13383
4076 7887
8274 6315
11422 641
2883 6320
6452 3797
1667 5571
7249 7001
2384 7823
13791 11088
5606 1120
3886 13324
12696 178
13150 11569
3421 13832
4005 213
12580 5396
8099 6220
11710 4887
4176 14593
8522 10628
3755 10188
1564 11003
14504 1263
1507 10976
12351 4428
9411 13552
3117 7472
13729 13583
4407 2516
12780 5727
2728 10725
11122 8143
2310 8197
13029 3802
8155 4232
14429 9226
11736 1358
2910 8921
14571 1733
2579 12287
6160 11989
8520 6593
4827 7614
2857 6549
10129 1002
12275 10173
9042 8762
3681 8668
14274 14025
12469 5111
938 12263
11652 9989
10936 14561
4276 10872
1659 6854
5840 5135
1524 14359
9043 3666
7339 11899
10214 149
10216 5170
7637 4623
11247 8633
13290 10887
8023 11124
1363 6277
6068 10330
1631 2370
10256 3222
10557 9231
10075 1763
11681 8915
13437 3405
12580 3457
669 5476
922 8200
7961 8558
12822 4574
2557 11478
12776 7895
5283 11454
14171 11351
7149 1168
13720 86
4389 6958
6632 11780
6036 3678
3376 4839
7082 13271
5611 5066
1428 6532
13265 9389
12406 8769
11278 12278
2928 9419
5538 8210
3554 2391
4926 8018
874 1327
8103 5262
5601 101
14357 11636
1094 414
1840 5492
13685 4767
7873 478
11298 6504
9866 6385
12588 3825
4028 881
10559 6882
6406 14112
9272 11332
7495 10145
9974 12914
12722 940
13014 9761
9892 14107
10174 11731
4964 9224
13813 12837
7018 7793
2022 14199
14177 11925
3390 3571
12805 13948
10452 4576
10742 2405
13223 3602
12549 5879
1881 7952
4134 12210
3078 14025
8999 10568
8438 11278
2473 7616
9480 9490
774 8817
9055 12267
6107 9760
13153 1593
9073 6286
3485 5180
8690 14023
6098 3920
2583 5294
11871 6717
186 12265
3423 9184
8198 9176
5827 10670
14108 12623
2842 12197
4121 11896
9829 7544
7021 8347
9136 13409
14632 9936
1271 6003
9325 4684
9922 9223
7293 4475
1305 7478
2105 2044
2027 7618
11219 7854
969 10692
3158 3810
8255 7278
13021 765
187 5407
9112 6639
1498 6425
1940 2768
12428 8580
4767 5031
3169 12059
9505 1789
4903 8925
1148 4245
1908 12367
9414 193
5740 12571
4002 11310
5215 2389
12075 2717
5111 6552
9355 6608
10292 8611
6691 5401
14506 11457
10432 3040
8882 2618
2145 11100
11543 3292
710 10766
12974 10124
10958 4080
8060 326
755 10590
30 12829
13307 5140
2062 5343
11748 9670
13953 1120
436 11141
9893 10867
11496 4140
13485 13640
12555 7709
14248 13264
3840 12587
6069 164
13982 14129
12439 12053
7400 12468
7563 3388
289 6941
6047 12036
1976 2681
10472 2411
13821 5730
10594 10683
7185 6760
7004 5105
14468 6617
1050 989
1886 7119
1152 13183
3929 10906
10601 11328
6055 846
12032 6344
7786 3444
1061 9761
6124 11532
9487 5311
2627 5446
13309 7127
9521 5678
12231 9354
9611 13281
10343 11496
5765 8810
7360 9693
2398 3327
3702 8452
4172 13049
12111 9273
1858 13172
4399 5298
10069 11201
7924 10012
13963 6598
2504 8849
12275 12051
885 7251
10697 11227
1428 13777
2718 8788
6151 2431
12114 7168
10883 13601
5583 8359
8239 4756
4212 9953
10053 14281
3835 3342
6974 3163
9939 6793
12012 4896
4209 12896
12146 271
6804 13574
11363 6837
5043 2879
9268 14472
7363 2832
13438 12945
11190 4358
3066 768
11626 10435
12364 826
13776 2019
3989 6397
8811 13316
11292 13020
8893 6119
10606 1062
2374 7335
5214 7416
7529 14481
7253 257
2678 3372
10517 11184
7729 10899
9267 2036
6699 4312
2862 3156
6330 4166
9552 12456
2847 6209
10841 11739
9644 4129
10116 12017
8779 695
4799 1673
12492 12051
13880 12485
789 7078
9034 5833
3342 982
7869 10040
2609 8046
13196 8938
12211 5429
6760 12373
8954 282
6793 3963
4410 14224
1345 13188
12234 6143
12177 10091
876 11422
5258 13614
1181 11607
4812 4523
12589 9996
11878 563
3407 7755
6817 12933
13184 13576
10671 7503
11173 145
11465 949
14368 12809
11452 11968
1634 8994
4740 2509
3097 9997
1488 4278
6970 3615
6116 4924
13611 3359
2802 14333
11114 9618
12632 9663
5875 8668
2531 2414
6129 11311
678 5862
6801 12129
3195 8434
3805 7935
8258 6901
613 7061
8494 7582
10676 14609
9821 6968
3334 12623
6666 11763
4922 4663
6791 10797
10647 6637
10526 2141
3313 8519
5318 10113
3329 8513
1229 7133
13763 9486
11350 14375
13863 5209
4639 9904
2500 14459
14187 5833
12447 6218
2961 2735
8197 7067
10847 4209
13703 4054
3665 14331
12572 8982
7125 13216
176 8353
5715 11254
3205 14380
10995 2433
2270 999
9652 4769
12773 6520
7917 10586
12737 8193
10636 3615
625 4164
7823 11643
8217 8803
8655 3470
467 1146
2051 642
9498 5081
11896 10018
2142 5572
9766 4412
3886 2099
9180 2024
8618 14413
9925 4037
7971 5926
7651 5912
10089 12790
236 987
6958 8891
4456 7424
10036 3823
5382 2215
8903 14593
12233 8361
2846 4680
12772 6731
6779 4633
6070 12712
4411 1361
2114 9698
4602 9765
975 57
7920 13160
1043 12193
7416 2815
2299 133
6637 7680
2348 12855
4954 11896
6581 7799
1941 2034
11845 6035
6667 3280
4113 8393
4640 6226
3456 9242
13306 1746
6614 6591
272 4972
4150 5003
7786 3764
5136 11738
8759 7483
7275 13712
2060 13855
4192 4000
13205 1402
10035 5237
4681 11463
10945 6637
3054 14401
13194 1726
13462 2489
5632 13733
7460 7097
4102 12562
10860 9237
9665 4984
14035 14255
1377 1460
10792 5568
2775 9362
6969 10125
14598 8966
6953 10908
968 7323
7990 11477
6364 6818
13965 11995
3232 4106
1774 7333
2033 12633
13885 9014
299 10601
8634 1675
9376 4791
7243 12151
14152 14211
7641 11431
8542 11910
5021 6825
4598 10326
3667 8277
14459 313
5637 3057
4419 4726
7705 3767
2725 4272
10096 339
238 4096
2013 9614
6202 6571
4446 3036
6148 12086
11782 12005
6677 14118
1512 8590
9810 2494
2232 6950
2807 5185
10006 4541
9910 3077
8307 9950
7348 1085
10288 4901
2496 12301
11830 8697
4237 1641
9048 7700
11043 3512
2387 3085
2995 1214
11675 10120
3707 11222
2436 3829
1772 9757
8369 8998
12833 13992
4313 2862
442 14601
7763 253
9583 4958
8949 11135
3915 679
1517 323
4190 1219
3407 4500
2432 12397
14620 6138
8985 14371
7283 8072
9493 12967
2435 7692
12324 4064
7869 10081
4030 12947
10333 10928
587 1964
4744 4501
14592 6260
2139 4147
7478 2861
8646 9909
624 5947
13363 6924
5683 6011
12311 12492
1659 12062
2865 11299
1491 10733
6745 5520
6362 14394
13763 6948
13673 3872
8764 13630
10132 10902
458 291
13762 6419
7516 14385
12366 6244
3990 730
9570 13617
13221 11228
11044 1451
7892 12534
9500 11953
735 1227
9028 14497
8174 5382
1050 2303
1693 11181
10520 14100
8788 9647
5884 1669
6714 931
5228 10703
13611 12113
9685 12197
6022 6094
10964 11230
1309 5829
5864 2043
4371 12207
13855 9860
2954 271
9478 1962
8767 5363
1427 2920
375 7310
1904 7088
5557 7131
473 4533
1925 7473
14045 7947
13567 7690
4542 12191
10834 10405
14234 570
7977 13454
10429 8246
11040 5272
10207 5173
10634 8949
8092 8325
13574 7312
778 4496
14442 1250
6344 1733
8723 5755
9679 4971
13444 11536
14477 9644
4622 14076
7529 12598
10212 3324
3525 6617
5911 13731
11789 13861
5361 2563
7551 4300
9874 5644
8796 6997
4210 12455
6045 10248
3575 13039
12534 14335
9940 12376
6660 14561
9134 14188
9840 4711
2877 13364
8643 6104
9776 3114
5330 502
5676 10196
2118 12865
1205 8229
2543 2730
6049 8588
12977 9624
6992 10876
6640 14248
8618 13299
14174 3117
12852 6696
5143 13045
5425 13785
4514 12517
14214 7159
10334 2571
2720 12451
801 1240
6045 3344
3970 12094
11931 14262
4399 1604
10504 11038
1217 1803
7018 12707
2235 5235
4768 7377
961 7508
3843 2790
2706 3423
9948 13040
5993 9983
8172 4110
8539 11533
4769 9824
6308 14015
9451 10706
984 5320
4425 2201
4438 8758
273 6672
13992 2356
11364 12269
9863 573
424 12569
1311 7688
8290 4619
352 1827
8728 6206
13359 13496
1395 5032
12876 8162
13053 11176
10797 159
13376 601
8916 10964
7272 5590
13319 4002
540 5863
1890 963
3797 3200
5966 9402
5134 6318
11229 13862
9839 7269
10039 11234
12301 5597
4761 8035
2138 923
5510 12829
1523 14425
6474 6111
2696 2474
7428 3235
8336 9317
1514 9449
9832 7479
4216 331
11112 12760
11508 6317
5395 6913
232 377
12509 4992
8411 11962
3230 11236
10156 2069
11027 1995
8179 11038
1784 12922
14273 10119
7604 13102
2249 117
5946 3781
447 14374
1906 9271
6056 7300
1549 3603
7676 11373
5910 13403
6016 9139
10004 1537
11207 3712
847 2067
116 2630
12304 11704
10064 5273
10171 9629
2705 13432
13409 468
13171 680
9738 1908
7980 8602
5510 12971
2656 11419
11739 8671
3240 4425
10207 11762
8136 8369
13829 8251
8314 11498
2636 1059
14087 12806
10687 14107
8920 9461
14574 7456
7457 6993
6680 802
960 12189
11088 3615
6290 5509
12285 9529
9933 5173
6656 3434
10857 3166
9001 4536
11980 8952
5595 8748
7124 1647
8220 1409
8424 5476
6180 1246
12468 12859
13997 13428
7730 10450
14358 11335
1324 12009
3545 8572
14497 10200
12006 10720
10682 3688
621 5343
12639 3531
11406 2444
2494 4991
1168 10917
7782 4664
12162 5616
204 8840
1725 7933
4655 1448
4633 3295
10772 8177
11866 10635
1059 6553
6720 9056
7556 7340
11714 5561
8187 8485
5320 10680
10791 3804
6962 3939
8467 1805
6870 8670
10644 8594
13919 12614
7357 1233
13224 3495
6726 10456
14129 5100
14324 3530
14155 7246
8185 11234
10122 1737
2400 807
12416 13190
1926 2059
2494 10392
3863 6679
1744 11822
638 1028
7118 5311
2260 5707
8805 8985
13478 5615
14084 13168
9144 10920
3095 10
4835 13216
1747 7234
11338 11478
5790 13264
13537 5599
6337 2765
12278 8080
11903 10231
9107 4386
12857 8683
7408 7027
3033 6252
9957 14433
4785 1782
10718 7879
1792 919
3776 3538
5468 479
381 11257
13742 13917
14172 5445
13998 9131
10840 8582
2043 5313
10283 266
11311 3056
4608 14343
9307 14565
11457 11407
1712 7541
1967 3503
5775 5742
4356 11242
6221 4737
5181 2644
1335 2034
5404 12648
11164 1610
3911 10522
4238 14193
10787 12864
2615 12711
12572 11921
12641 6711
8694 11668
14251 10660
537 2707
13718 2208
13948 5304
4260 4494
5263 5595
6527 7983
924 372
6908 4835
10894 8461
4393 4362
6690 7007
14388 1943
1610 12394
8653 10303
6744 8269
3644 4596
8291 2727
6803 7605
5346 11063
9414 7925
13973 13257
1273 262
10944 5496
2412 4519
13956 6805
8881 6011
11127 5950
7953 12736
3710 13922
5720 10453
4872 6680
12364 13163
6722 4532
6133 9384
960 12862
2674 12248
11484 1262
12510 7794
6757 12237
12312 6078
1723 3874
9404 12850
9824 38
8267 10849
13959 11303
3983 4197
3348 1712
2725 7385
6243 6173
2134 4519
4400 4807
2132 13200
3384 11957
6359 10140
9560 1352
13533 8598
2542 8302
6813 12365
5656 12396
5895 4980
9064 9877
6492 9727
8904 9216
2477 12462
12704 1927
14296 14420
4049 1794
12985 7433
11066 2025
254 3307
3376 13787
11905 3233
4770 1399
12913 10425
13794 4173
12721 5539
11365 4578
12581 2950
11110 424
778 9179
2350 439
8964 6398
14182 4630
11146 7930
6654 11400
11236 7346
7868 5822
10578 12637
4537 8857
5744 3696
10345 1146
6551 7076
5723 4497
10025 14148
2236 8118
6009 1901
8557 12288
8299 5420
2284 2126
13349 8937
13525 7267
13598 6758
10404 9542
2077 306
1080 5136
1318 11424
6281 7868
1181 9319
9680 11206
8833 11916
2005 207
13816 10561
12494 4796
13297 12093
6922 9327
3712 5812
1959 2675
9886 9679
12216 11962
9984 13295
14413 11301
7401 6059
1850 8581
743 11530
2468 6891
8811 4473
4413 5308
12349 14223
10104 11011
11681 14341
5704 758
5518 4978
3433 12719
11972 12964
7362 7322
8941 7140
3988 1707
10514 3154
7603 8573
49 10071
829 8859
11859 5242
11482 9573
4830 6951
3266 13826
6657 6285
14584 9491
8578 698
4891 5916
10977 12253
13237 5283
2074 14540
4305 12588
3059 11908
6526 3107
4660 7354
9281 1884
9911 6129
11456 12056
10395 12037
11248 14368
3687 8513
9224 12265
6526 14114
3546 2868
9048 2148
5467 11122
14003 9771
9075 2428
4360 966
2850 9019
5635 9447
10902 12862
941 5040
10283 8651
2442 4212
8384 6129
10040 289
1075 13881
14403 4620
14065 8816
6767 4897
5303 6135
33 11693
5878 1709
9974 8728
10727 975
856 4311
11152 13746
6666 4116
7762 6423
5644 13462
9867 12999
13750 10941
12246 13518
926 11676
5016 5008
1938 7634
8459 13920
2009 11652
994 11982
3061 9037
10272 3916
13347 6789
3027 2694
10905 10789
9116 13864
9616 4349
12228 8731
12605 9839
4931 13531
4196 7262
1220 3449
12211 6994
2735 14219
4012 1044
11567 7072
10080 7204
10988 6108
11309 14014
8801 4895
7484 599
4124 14415
2263 1717
5828 233
8872 8074
11079 13067
701 12299
1882 12911
4658 1932
9812 5985
2975 6744
13057 10371
11263 9410
1844 5253
6105 7961
10147 13589
8559 14270
10685 8137
13303 1878
8369 4856
9951 2130
604 10651
11744 14435
6244 13717
1732 1421
5068 2023
5480 3490
12393 2108
10215 11552
7361 1685
2194 189
12589 8068
11775 8640
1570 7759
10517 7255
12614 5834
9384 13217
13800 6493
13018 2725
5575 12065
4145 10642
14087 6940
11447 9161
9048 7027
3395 13724
8712 5588
13912 6666
10972 8368
671 12541
1492 11188
5161 14105
14337 11860
10004 10818
1034 8387
13543 6609
3133 3053
14566 14536
9993 11379
9062 1722
3771 9772
12761 9798
12676 9354
1830 9013
3088 14450
4235 4579
8319 6712
4050 8021
3937 14053
1521 4971
5121 429
8895 8253
797 8826
8154 8105
2886 14532
9826 3973
6985 5268
13770 5026
14622 12915
14038 3075
10047 955
7653 3731
7666 9018
9068 11602
5752 10588
13888 10872
11016 8148
1807 11812
14290 7276
5283 2541
4489 12424
6513 11474
3058 2965
1865 361
1245 13219
3435 11291
14173 8403
12338 7204
2787 6771
1487 5854
40 741
2092 11055
6204 1214
5548 5859
8489 8146
8400 10294
5936 12228
7133 6309
558 6313
6669 13753
4897 7419
7725 1751
13137 5428
6270 13239
9514 7757
4459 9553
5813 3866
3289 12016
5079 8837
3241 10883
14298 8956
6542 5599
6549 10990
9223 4423
2669 13207
3541 4881
3307 8581
6632 1810
14009 10217
414 6204
655 2188
1123 6467
6053 4411
3849 8447
10563 4405
2012 10227
13360 8553
13141 2590
2225 5046
7012 4893
934 7868
9773 4241
1815 13720
3366 13139
6619 1095
4708 7273
3283 3146
13740 6651
7557 270
464 801
4674 2475
8343 715
8343 6850
3304 7883
9211 7632
12775 10144
865 5230
14384 2679
1631 431
1183 8249
1526 3207
888 2124
6352 11943
8774 11224
9528 6553
12025 11517
6343 5733
12231 12002
9898 12850
5250 4474
5847 3391
14618 6712
5936 11683
6706 4882
9430 5205
13131 10955
8411 11334
10394 12078
5958 4533
8668 851
8402 3374
12367 110
6422 7279
12111 1686
5494 43
3475 11341
749 774
734 6684
12457 4755
8881 7252
7275 7377
888 13001
1392 11281
10445 4665
13129 4478
5515 6896
5167 3247
4322 11588
10525 13748
13273 13335
13790 14064
7357 11854
203 5406
3903 9975
10160 10100
14542 117
2842 795
13117 1550
9391 8927
6214 5202
10720 9045
12097 1252
9607 13734
12840 2814
12848 8794
1514 9319
8223 8870
6539 8426
11591 7757
3766 7116
3222 990
7232 3380
13734 3031
2245 8491
11957 5774
13692 5359
184 8470
6610 9791
7570 2131
9920 3099
10925 11433
9733 1829
2984 1637
10254 14574
6710 11336
4371 9931
12325 8919
10626 8740
11949 12870
2596 6587
4010 13603
11945 1509
7439 1237
11299 12324
683 6584
12738 8923
698 7836
10752 997
6789 3687
936 13498
12338 2623
8794 7344
11541 4786
1450 6171
337 4045
10073 4346
330 4700
5855 5084
5936 14469
89 3934
3735 12826
12857 1748
6027 8974
2745 12815
9976 996
11678 7680
3618 3154
389 12474
5255 1838
1326 5591
3199 11399
7253 3528
1464 10423
5927 4715
10257 6015
8648 11307
4206 4186
13055 7548
10475 1165
3045 5817
14110 12038
10812 3094
557 11200
12883 3127
10354 14209
8718 13552
8289 13286
14395 7068
9074 5687
11782 2012
9017 3111
13319 13222
4613 9055
3451 453
10219 6495
3585 7010
3899 14396
7419 1771
8278 5668
4898 3997
2558 10931
230 8162
6898 14624
595 1337
2992 9692
3348 9324
10118 13982
5227 96
8402 8677
12499 1302
12488 13399
8312 1752
13161 1096
838 6804
4079 3051
8116 3952
13981 8345
9429 6244
5650 10023
4896 5957
2396 5560
646 12514
4907 5872
9925 10625
11864 5105
11926 9717
3870 2919
11468 14346
1331 9622
6515 2725
12672 11946
6677 12019
5656 1471
944 8621
8810 3156
14577 11205
6031 588
6400 10937
3775 1691
4243 1004
4111 13485
10721 7980
1769 4870
7691 415
14491 11521
3140 12529
8832 7132
7229 11803
8602 5488
5789 93
8643 5731
8614 39
3634 379
8292 4724
14019 9850
3044 3496
8700 13764
11475 7785
3999 1848
8199 1172
10684 8654
13700 4882
1151 3610
14000 7069
9097 5155
7161 3106
8201 1140
460 9151
1519 8751
13874 12853
1283 2283
1714 9982
13362 10505
3132 43
12352 8647
1214 8401
2666 12229
10598 3817
1204 9964
10885 10300
12434 727
10721 3316
1867 11181
12466 701
2613 9022
13553 3895
8620 12583
11193 7348
8453 14324
4706 3486
5652 5919
9202 8318
829 2482
9450 2032
9761 3016
9647 7560
3742 5734
10875 5608
14230 6023
3624 14158
410 14493
735 6345
12441 11927
13692 6259
8932 3763
7060 14584
6997 1627
5583 7825
1424 398
7172 11184
3413 14135
4109 7154
5234 12300
10078 2145
1004 11017
1668 1413
10875 2402
7757 5997
11644 4131
12255 5942
5209 1996
5891 9522
939 11473
28 2362
9186 7200
13546 9914
6700 336
14383 9249
12635 9826
8709 13638
3525 7692
12366 14399
10094 2805
5762 7103
4251 698
10360 9459
10 1616
4346 948
10404 4374
3309 2271
8889 14170
12184 12904
14506 11933
4834 9822
4440 13542
6142 7964
6599 3873
5045 14008
3993 8122
3793 8243
6135 14152
384 6144
13084 2045
7091 8853
6418 7716
11124 12622
7251 8673
10891 4438
3287 1090
14260 7727
14631 5767
1056 3912
6955 6100
3285 8264
14221 7077
13822 5722
3911 14205
9181 2360
1616 13588
8528 5349
6669 5017
3337 11235
11006 14227
1039 14292
12633 12614
7384 9945
1062 5756
13856 5332
11855 14457
13595 8758
4215 12783
11795 8125
9669 6341
10484 11284
5294 4378
1999 9278
6710 2651
5879 397
2243 4233
55 12191
14162 4754
7502 589
10509 6723
5920 5046
6545 2197
11119 8076
12295 8279
1566 7329
11935 9366
3979 2595
11059 3293
9188 3134
5943 12382
847 5501
1980 901
3058 13457
2970 7875
11361 10795
1206 3824
2159 12324
11899 14453
3284 10780
7147 584
5511 8441
3178 13885
9049 12366
14335 12307
7429 547
3174 9409
13397 3547
5547 1732
11421 2274
12526 8699
2236 11047
12522 1710
6052 7102
1528 9335
564 5990
9919 6074
11747 10412
2641 6161
5459 2341
3834 12888
203 4323
4978 13599
7869 10524
12646 4655
10113 7854
10669 9664
1582 8557
11373 7634
12974 10216
2334 13537
1572 9568
2293 10634
5346 4933
2160 8120
4589 3309
6373 4791
7631 8666
1071 865
1872 13716
2835 11984
4251 13504
7014 5833
4742 1068
13466 397
11284 13115
13934 10171
8049 13542
6170 13394
1156 5645
4195 5744
8954 10568
7850 1950
4599 8920
131 3786
5317 281
1136 9568
11100 5465
766 13157
6532 11547
13554 3181
10027 10169
10667 3441
9076 2202
14150 7547
7847 3711
13290 14116
11594 3821
1431 1558
12740 13511
5344 738
13792 3795
10305 10257
9259 8386
8780 13106
5298 5015
13603 691
549 9635
1447 6940
9153 963
14486 14315
4673 10457
13796 1632
14277 12542
505 9698
11419 3164
10435 7892
4274 6106
830 10848
14491 6925
9320 2471
11939 8288
477 9803
604 1923
14058 9756
201 13909
9436 4873
9731 8597
3820 6689
3821 1641
1752 12555
2120 12187
5812 6394
974 3957
2607 12780
8198 9242
616 5502
211 1092
12621 815
331 12044
10570 531
8635 5372
2720 1047
11284 3855
7736 470
5495 9487
10340 4931
4355 13467
8640 5328
2790 11246
3474 10987
3170 4089
13804 3380
2497 9106
4194 143
3832 130
673 12466
2817 3392
13512 14100
4563 3929
11886 10057
13416 7591
12303 3136
6424 6308
5780 6529
236 9253
197 3405
10657 14000
6784 10469
5788 8294
10611 9619
8423 11284
7450 8555
11991 3643
8020 1919
7572 2587
9292 3669
10178 6960
4120 13917
13268 9899
5811 13503
4517 6007
14223 12490
2688 6372
8324 8475
11981 4301
775 3085
950 8224
11639 10256
9183 5025
9491 2120
4927 4148
3104 470
8423 7223
11702 7056
2488 194
3240 4320
3516 2828
2175 6204
6516 10499
11994 3862
165 12769
6947 13064
3674 1267
6001 10172
6291 857
9607 11218
2320 12710
9003 10743
5299 6071
3164 5102
6264 3720
9421 9780
6547 8912
13299 10378
2092 7974
11556 14206
3424 1184
12635 4414
2450 1317
14585 8741
2174 9558
2640 4493
7633 8958
601 10247
12344 1081
714 1290
2116 7451
8385 5978
13678 7049
1722 1135
12338 13277
706 1128
14460 10656
5541 2275
11972 2807
8331 11461
9680 8286
13270 2679
14560 11186
10241 12269
9582 8271
13558 11697
13037 7308
3041 12080
11672 4762
10530 6692
720 11235
7819 12495
4572 10675
12085 13859
10797 5782
8002 5843
11383 6637
5837 11308
3188 1443
8943 10086
9713 5182
7148 5431
9806 10188
2876 6843
12265 13405
10850 12984
7321 4034
10844 9208
12024 5611
8433 5503
11392 13750
11345 5456
5752 2547
2130 6255
1305 8388
1706 8334
10885 8854
13764 6056
1723 2006
10215 13988
12726 6430
9653 2729
7780 3179
11936 2485
8789 3050
7987 2862
2165 4697
8317 5232
4559 7762
11487 5864
13465 10508
14197 9716
4727 10642
1137 3766
12647 11351
435 8055
463 10087
8099 8242
10581 5400
10726 4735
5766 4079
4912 5246
6091 13229
10478 7966
3672 4646
11145 2503
519 8023
12218 2562
4030 10670
6327 13993
7387 6761
7413 5165
14163 877
13406 10110
3592 9497
210 6673
10891 5122
11919 14298
1032 5078
7629 2019
9723 1455
4521 7557
9477 14054
7434 13506
10090 11076
10180 158
3202 2958
5322 47
1150 4093
10156 2058
10905 7681
8730 4478
10118 3330
4141 8465
5723 9085
10484 12761
10539 12320
5684 2697
11740 13117
13518 7195
6875 9064
4668 10076
12021 9989
7438 10487
11397 275
12544 4983
7956 3955
9460 755
4601 10916
6536 10323
2682 2385
8450 10536
70 11449
13232 9125
7247 12116
13635 14121
6545 3668
6879 1247
10972 14316
9049 5050
11907 4274
10033 5228
8229 2174
3298 10145
10406 9833
5833 10403
9533 11598
6305 6919
5728 2218
1409 10291
14333 410
9777 3559
4077 13971
2122 12365
10969 11170
2780 8241
810 10128
10784 6354
12302 14081
1864 5389
6596 5012
1157 1494
13926 7461
5728 5019
9679 7137
675 6693
7546 7768
7568 8938
7104 9689
3984 754
3540 6764
8994 4349
2257 2459
8018 11874
13856 7197
2628 5817
12209 3785
4626 8816
8561 10354
13834 3605
172 11825
7614 5033
2274 12497
13970 6693
7551 636
7447 8406
7399 13756
10071 6971
1581 3454
4211 802
10651 6838
3934 5541
7938 5875
14356 1865
13544 10871
2785 13715
5377 10398
4113 7650
8260 765
14343 13126
1400 7155
4214 6114
3592 14284
13084 5172
419 2660
3289 11069
6814 7222
13925 12067
10413 10962
13931 9322
7199 14032
8403 12575
9795 9831
2907 737
7911 2615
11178 9310
7085 757
12739 10676
406 11189
13164 12775
11164 1818
6525 659
6356 5816
12726 2134
2143 9338
8771 6657
8735 14489
1914 1212
9686 4820
1948 2962
4750 10441
9588 11834
11198 7692
7875 8919
1562 6404
7059 12726
5538 13584
10700 11893
2081 8791
14026 1539
811 5478
8196 9545
5333 7425
10756 384
12244 10019
661 2359
3142 7564
11508 14339
12572 4748
5939 14133
8468 10314
9540 14005
6579 5606
8579 8659
11712 5286
10197 12522
10763 1074
7433 1461
8498 870
13794 3423
8205 14455
5781 11346
4700 2654
11050 2637
4718 14304
14086 10501
9983 8991
7187 13877
14596 1131
7901 8990
6416 780
6877 2544
1853 14309
1321 7667
12495 480
11089 6065
12250 14186
2776 2316
2205 11141
2268 4238
8126 13669
12054 791
8026 4606
33 5303
5736 7934
14292 9467
6029 6535
9327 7881
3525 10647
913 1385
8442 9318
4765 3374
8869 7540
3005 8389
1362 5272
12627 9488
4307 7362
10278 9648
11968 10310
12266 385
925 11924
9852 6953
1140 1860
12150 1980
9822 10378
681 945
5061 5445
4318 11245
10301 7322
5000 11662
12594 308
3831 14216
7669 11424
6545 5002
7100 4176
5387 5340
13415 12554
9609 11870
11729 4440
13850 6916
183 14530
7860 2560
2656 12178
13804 10272
2181 4169
4616 12090
1792 8446
11671 9461
5236 897
14462 9651
5073 2530
12306 1169
12399 7280
13039 6809
11719 9570
13724 9218
6781 4266
9093 9436
13759 8262
5074 1305
9747 9689
10711 11538
816 5063
3680 3367
5960 824
13017 8348
669 10689
9516 13068
650 7920
2558 9685
171 1648
1584 6951
3229 10676
1753 14303
1619 4142
12923 11365
11146 8999
5585 9277
14062 9264
12644 2703
7403 11026
11050 8072
4396 5931
3821 2362
11167 6378
9362 11337
5341 10945
3654 8569
6986 2722
5553 8604
4179 1158
2651 690
10156 5551
9966 6899
12130 7975
9601 4899
1683 3332
12970 3394
9263 2156
3071 3111
8533 12432
14447 13874
8742 782
5124 13043
3503 10677
7013 7681
9150 6979
5686 1987
12529 1018
8886 10024
6308 1168
12238 5306
4500 10573
6016 11078
10044 9086
14188 3943
6884 11316
498 12941
12098 5621
11350 12916
13613 3728
3279 8128
8022 8964
10115 5916
7297 1682
13255 10921
165 10859
1592 1980
6797 7607
13057 14157
2059 9926
3465 6258
3924 3962
4564 13337
6898 1279
11618 5877
2322 12212
11320 10343
6542 6800
1624 13838
5797 245
10124 5962
8419 9032
7941 12531
2004 3680
12053 1378
10921 12833
7635 12160
2160 12199
10862 6374
10793 5162
9566 13115
2739 6251
8823 9280
10367 7763
5800 1529
5323 13239
4806 13741
4952 10063
11637 6956
11058 6372
5649 7344
4570 10600
2186 4046
5480 13047
10419 1638
3574 5350
118 6313
8916 6257
12908 4648
14019 1389
3493 2023
11944 8298
1129 2261
1042 10081
6532 12099
1818 12181
2125 3704
5462 4310
7749 10941
2722 849
12578 3612
3514 10012
7240 12429
13584 2829
14393 10284
4218 3251
12306 13477
8864 10750
1103 9906
6196 4951
7370 5330
14447 9494
6349 5274
11119 11413
1580 13841
12261 11473
134 1140
4166 7373
10884 3115
10201 7958
13398 11734
11208 8385
10576 5438
4500 8995
12659 8012
13945 5394
10657 13757
12204 2371
4396 8688
13783 3291
5210 8725
129 5343
7180 4295
10031 3429
4725 5598
11387 805
13 5276
9189 10589
8029 13689
4949 6053
4382 1575
8763 404
697 3648
90 2408
12335 13872
5698 227
7962 3142
2885 507
4752 12916
1251 9477
3879 9953
7597 3891
12545 2151
11795 5939
13155 2109
9308 2902
3683 752
621 1695
4399 710
4102 14049
11897 7115
14275 5224
7573 2526
3046 12324
12757 1613
4482 2001
8881 12078
3207 6791
11545 368
10046 10065
14426 4719
10283 791
2786 10903
14435 7184
11613 1219
3914 8875
8333 871
11415 13221
712 11776
8227 13468
10704 12708
834 4951
7468 1356
11741 4378
13673 7152
11758 13465
9186 7406
11571 11971
991 11371
1836 9919
9905 5750
1475 920
6620 12889
14140 7331
7347 7732
6164 3416
3122 4313
8366 10589
5668 2789
12282 2023
7256 6721
12803 1808
14127 9739
11094 12433
3791 12930
7717 13696
1361 9191
14615 7980
4762 11436
676 12108
4534 4155
889 4971
8467 6571
925 11450
9359 10522
13472 13930
2608 11640
1103 14050
4060 9513
11848 7851
5124 2246
4228 6484
11437 1524
14463 1564
12959 12454
10987 174
1974 9191
5144 7756
1127 3384
4571 7801
11221 725
7097 11145
9680 5515
10560 13740
12343 5090
4272 2832
7335 8499
9315 4137
7338 6459
3016 2978
1594 14002
3152 883
5875 5611
8638 7001
8995 10525
12118 2897
8565 1896
14041 3610
4726 9967
2715 2435
422 4302
2582 5072
10116 9213
9209 2819
12987 9540
5797 14581
6224 8948
829 12098
11874 6783
1780 6234
2673 13897
6447 8553
13108 5853
12162 3200
1185 12193
2950 13556
1860 5531
1310 11976
109 7834
160 13096
2739 5956
10358 8962
12219 11186
6425 9459
650 8205
13008 3322
4783 4820
11874 3257
10673 6718
3772 9173
4276 6721
5411 6135
9567 6720
792 6992
14553 952
2769 14607
4223 13126
6251 13758
6993 12675
5898 7643
3561 1587
8280 5660
3723 2836
6232 14395
9553 10003
6249 11144
14039 8975
14594 8971
13010 752
1328 10244
13653 1412
10217 557
14537 1833
11630 6896
11823 2893
11854 12700
1796 5499
3725 5518
5650 9956
2594 12518
2640 6158
9027 2044
499 8987
8330 13508
7054 6974
6434 6072
8385 13966
6628 8288
13114 940
12499 10302
3832 7034
5683 2943
9848 9407
8460 864
2044 11053
13381 1999
2577 5090
4042 391
14076 9688
11214 6495
2027 3013
9882 10411
2344 13825
1380 823
130 11194
8441 3962
3593 14123
4220 10757
6212 12680
11620 5571
6414 7682
7570 6306
12771 8927
6696 9528
3980 592
13338 6006
3604 8585
13733 3264
7776 478
1402 7905
8988 7158
9182 9896
3963 13402
6018 7490
11447 3003
13060 3226
8001 3311
9532 3453
12238 13543
12981 1583
14134 11684
4905 420
5635 4003
999 13410
1796 14350
3996 10783
4190 13178
6045 8152
11945 12062
12957 6073
12381 8698
9298 3063
12009 1511
6515 9612
12370 4861
8510 11869
13861 13414
9604 2177
98 7918
952 13844
7634 2263
9992 11823
806 13352
2656 12750
8096 12928
4188 3158
6991 10802
6220 4365
9628 12734
11292 7363
277 5168
1914 11453
1263 8833
13629 13311
2117 11896
12520 7066
14158 5193
1570 330
3911 4225
10395 9322
2518 11899
12479 6824
5382 1380
11189 375
11429 7846
5054 11705
10329 4283
5839 8908
13115 4833
7584 12547
2094 2785
4978 1618
7977 6547
13897 9203
8087 6973
3890 7920
4237 13684
110 9618
429 8614
7309 11858
1825 12362
6244 9470
13960 12083
3743 9756
2281 8642
7669 1691
8742 9962
624 2084
1875 14520
8603 7277
4174 12492
12513 8411
11542 9938
710 9286
3917 8018
6509 3057
3061 12753
12526 14336
7517 13584
9458 9797
4907 2492
8803 13648
12453 9426
13048 11643
6627 7016
1602 10801
2189 14114
1893 11046
9417 2602
5698 13333
7936 9522
1755 8312
7640 11597
8014 12472
7862 2837
4951 12769
2644 13753
9098 462
8545 7511
9421 12487
11842 11022
8653 14031
10501 10545
10442 5283
10463 1505
1297 3764
11027 3051
12075 1348
11963 2770
13820 5191
5606 1452
641 8249
570 9738
6027 6430
14565 813
4283 11772
11834 12935
11168 7700
6162 6976
10298 1990
5796 11594
3069 14138
11960 509
12802 6605
3279 11987
11795 6200
13438 9751
11765 11323
4854 3157
3119 2100
3969 7401
13872 13118
3017 7721
6183 6494
12012 13796
8483 3174
8071 8867
14627 2712
6692 12794
9316 7286
7462 3792
13485 3581
13542 10615
270 1078
13771 704
3177 421
8104 14364
13538 8436
7451 2402
296 4828
13513 6094
5317 6949
12277 5310
9661 4334
785 1658
11619 8247
2766 10469
11827 1673
3766 12096
66 218
12799 559
639 3584
12238 11492
9336 5054
13894 6947
7198 10088
13040 9830
2403 7998
12455 9379
12331 13240
8352 9315
6852 11117
2466 1360
10106 3547
13456 10171
3764 8936
8045 1718
12520 5649
13210 4537
8018 9785
11483 12531
5238 7204
5043 4956
568 179
11650 12898
13418 5368
4895 2951
1850 7360
4311 11955
10906 448
4808 11985
9383 12852
11019 4584
1182 6910
9120 6516
14010 5968
1728 1929
13172 6770
6885 11055
6949 3900
9318 3048
9267 14212
5999 8433
4253 7625
5753 12474
8072 7876
7141 136
3410 3525
4720 1907
10434 11155
8422 9809
2489 10150
11737 12976
14235 1303
9396 6549
5203 1395
6913 11785
12923 12911
2899 2541
3217 8652
12331 11288
13843 4837
8739 2618
8361 13458
4525 1476
9979 10262
11284 9783
5777 5702
5440 2694
7005 201
9242 9523
13545 13470
3989 11833
9062 6888
11690 12278
12855 6702
6247 12063
11538 352
11997 2580
11125 1887
4055 3785
12148 12654
13567 607
3721 4372
3300 8041
1888 9857
2929 12749
8693 6918
7263 3120
13805 4318
12714 12025
11019 4326
9453 5238
1993 6815
5133 13118
6017 6503
2268 847
4522 13151
13403 5559
204 2068
13599 2092
9240 1894
12156 614
6127 4784
3734 5297
9102 1813
3 2802
3454 6771
5356 5447
10902 10488
3930 14234
2357 3513
446 4194
2029 13848
9752 2233
13231 6033
1640 7837
5242 13795
5766 11368
3944 9499
13980 10361
8627 13982
13163 9397
6118 3884
209 14335
11687 1454
13935 14043
4966 14380
3603 6995
10910 10670
6543 6822
2068 8182
11974 7309
7342 3106
4042 8601
9920 3387
4328 3913
50 172
10625 3484
1371 10833
3184 13057
12286 2484
9782 14567
14180 13384
4243 7771
9419 10785
14592 8803
4332 11932
1477 8989
403 2835
2956 10322
6221 7283
11550 6271
7454 7540
7070 6140
1054 10253
4562 10655
10053 14343
10588 6914
10408 196
50 2509
10981 7
11311 12628
9254 10103
6983 9656
12937 9938
2660 4524
14536 14209
8110 4671
4431 545
10810 5484
8113 737
1505 3531
12396 9408
10444 5485
9603 7809
7993 3265
7816 1985
13209 14385
12088 5557
9407 10390
12810 9382
12229 12711
8956 5704
63 10702
3564 10872
1552 11677
8924 372
12523 6685
9779 5649
12170 2063
13457 2844
2644 6638
4829 1218
6389 2282
4090 13111
12671 2265
7858 10266
12291 14129
13285 12353
7513 2215
8590 6380
11207 2879
6751 9095
6880 13845
109 4415
1273 10882
7258 3916
2885 9402
2449 6589
11683 6538
2381 7036
6118 7554
2667 3774
4365 1317
13442 11877
847 4713
3622 9369
4908 10372
1146 11787
6898 13204
13517 5486
9451 3456
9402 9652
12858 9166
13556 9906
1070 1303
2307 4503
6172 2289
8277 10536
922 4400
7778 13718
9113 8715
8453 14020
1768 9598
11172 8665
5483 7370
14151 300
10825 6234
9951 9048
765 8872
1636 13784
7490 1258
3653 13662
3547 9245
6879 1784
13644 23
867 5438
6053 6635
2139 7821
13548 13310
1851 4397
3361 13317
4696 14186
4916 12
5915 2997
6199 7550
2146 11005
6124 3114
10032 9670
9674 2276
8769 8684
14248 9635
11437 2983
1636 13576
10803 549
9567 9969
2261 12928
8652 6956
12479 13567
4283 1075
1929 10482
8625 1391
6852 114
4504 14199
7099 14178
13790 1233
5543 10720
8183 14295
13702 7134
13236 7186
4999 8169
2520 7259
3778 11171
14215 13572
10104 3863
12 9348
11660 5952
10738 1193
3381 608
12707 10479
12101 11863
9027 325
5264 2576
14619 4331
7025 13221
8832 12023
4071 11351
4648 7848
7888 1544
6785 673
2722 4112
10020 14382
10064 6124
12890 13444
4047 10963
6605 1513
8191 997
13787 10770
888 13771
12416 7913
12357 6613
2617 13743
3329 7264
6956 11216
6123 11056
11888 8845
534 7274
5908 7913
10713 4163
6722 125
491 13326
13587 5997
11639 12739
2132 12526
11875 14547
3120 6914
6525 5737
6022 7170
10316 10294
1067 1805
4031 12955
7965 4564
2910 13872
9792 10938
3400 1880
8378 1207
12521 7330
7203 6841
2750 6651
2049 11940
3879 5168
1535 7720
8220 7557
255 1218
532 1321
338 4562
11591 8302
6442 11816
7539 1599
8119 8254
794 1862
6776 10631
6507 13979
2837 6572
3311 4885
3878 7189
7369 2728
12224 954
7600 12478
14121 8131
11115 14458
12693 8071
8125 1816
5253 12979
3414 10687
3915 4208
9865 10690
204 1737
7350 356
5625 10660
5241 9502
531 12609
9545 10070
10878 2511
7914 10365
10641 1710
10188 6015
9780 995
7830 12348
11289 11244
8401 569
12767 3631
11259 10286
2683 1290
10641 8307
9266 1247
490 7112
11171 10035
2547 4731
12545 7776
461 5867
9485 7964
11882 4631
8958 5077
14294 5613
13636 5376
3497 11768
9006 12071
4735 9005
13361 742
14627 7992
13938 483
469 7791
7833 3015
12521 3059
8107 12981
8925 2957
6310 6172
4903 12584
8565 4563
878 7566
9938 4374
2016 1626
1811 6750
10630 12487
7491 10622
5844 4111
8420 3628
11901 1618
3958 9787
1992 12064
5449 10917
387 9074
14404 2605
7023 8334
7167 5216
13216 14421
6906 12547
1412 6032
4662 9357
3884 9469
2660 7043
13579 11080
7986 8161
10013 11943
629 9321
6689 6077
5603 4391
516 2688
6995 4855
8338 14162
7386 6919
11264 14291
4831 12675
3004 6808
7397 6887
1642 7372
11245 12536
1133 4596
6062 8462
1905 4006
3148 5909
10082 8750
10299 7914
8753 2659
10084 2456
14136 2835
9374 10765
14442 11520
6121 2811
3694 10833
7014 2651
3571 3624
553 4703
8220 3930
13164 7440
7936 13627
13348 699
7742 6328
8612 1861
6302 1377
1632 5804
4212 11006
13884 4019
5207 2687
4145 8900
13519 11158
8867 14405
148 6735
1790 5683
7980 12269
13122 1281
11262 9151
13930 1685
844 5223
861 7145
6600 2493
10264 10811
13498 6830
12145 1386
9516 13605
10286 5716
10129 1834
2803 7592
8568 4592
13274 1913
2226 11761
510 13487
3593 14439
538 4436
5027 1398
8896 8942
1206 1842
2434 69
8671 11894
1455 868
10865 9056
3899 3675
8205 6701
11266 2138
11292 9905
4050 13518
4347 1875
9686 7939
13629 7539
9690 1338
6253 3951
10279 7458
3108 12713
4843 11778
9972 3613
9961 3518
12668 11176
7192 3554
3242 3823
5691 11850
13727 7056
8049 3439
8931 3100
8693 7925
10639 3748
9262 14207
5015 2223
7030 8122
301 11872
5266 7588
850 12542
8422 10833
9083 979
14386 9641
2118 2758
6856 13160
9814 270
13915 1426
685 7973
6666 8639
11721 13244
8211 2101
832 607
10222 13082
9794 12803
3351 10644
8027 11772
4158 14425
10067 3910
9431 12184
6667 13602
8025 13796
11187 7305
587 11872
12594 7253
3192 6996
3178 11403
6412 4009
9325 13949
14406 1800
9434 3122
12443 2826
12210 1967
14566 7642
3192 6679
2507 9858
5646 7847
6336 2199
518 6922
11386 10427
11490 14577
2788 33
8661 9199
1357 667
8513 1128
2467 3312
4250 12225
3453 13775
11507 3385
6782 12014
10063 6604
4554 13024
14450 10889
12538 12283
3176 9289
8075 11982
6548 10862
12014 12524
2742 13371
10507 11255
11814 10289
11882 13379
5195 701
12519 2068
1401 4666
14081 11463
8585 4000
9852 5717
254 5072
3365 746
14360 11440
12727 3589
4983 7422
13429 7725
3474 9301
1661 654
2271 13542
14032 7465
11558 11917
9532 12958
13898 6295
9786 5165
7610 2320
10881 5180
7391 14245
3241 4432
8366 1333
5337 10665
6070 1447
1071 9544
10747 2731
7513 10333
13588 4226
3163 10512
13458 10011
8835 12722
13621 1303
568 6596
938 11448
9091 5644
8374 12331
7391 2106
10979 12727
10086 2415
11489 11156
9274 7601
11202 2152
615 10155
6377 3778
3348 5201
11104 12183
604 10090
10801 13121
14001 9054
9934 8458
63 3673
6154 7453
3094 2499
2862 10495
2229 14350
7016 11502
4633 3583
10969 5247
11054 27
6340 14401
5227 2809
9265 3146
10214 5431
1632 9581
14484 8881
3404 11862
9870 6873
1997 10279
9371 2174
6140 8915
1889 10471
5782 3837
14054 14066
6400 7789
14093 10055
7555 4685
12864 2186
5147 5759
4932 4094
705 2098
12975 4108
13959 5526
8297 1321
1170 349
3494 7309
9264 2699
3146 12361
3851 14515
11793 10250
7669 11251
5671 589
13251 1216
90 1079
6974 5022
5173 4995
7119 829
6418 3759
6354 80
5080 7523
429 5889
12148 9692
5903 659
7418 9754
12489 1892
2685 2839
13142 8355
3427 11759
6886 833
12837 11176
5854 691
13486 10288
1519 5269
14046 5188
5349 1807
12711 5777
7696 10224
12784 13598
8198 2883
6033 3368
4775 8718
6206 598
14388 6948
9672 3956
7780 5191
12447 13633
5881 11298
6602 4716
1932 6014
9903 4596
7820 7979
7688 12831
884 5837
9111 6397
6036 509
9764 8126
6542 1335
8723 6296
5599 3761
10251 13378
6267 8063
9693 12147
4726 1660
14178 3973
4989 9447
8569 10125
107 1622
8321 12941
4775 113
2019 8126
622 11783
1617 4479
10433 7655
10774 1397
8731 6390
12091 363
11768 7149
9826 13809
6124 9369
3148 11113
1497 9032
6603 1604
7969 289
11860 10059
12352 13878
3550 10289
8342 5166
133 1457
12821 10907
169 6917
14612 12259
4596 9062
4773 14421
8236 10897
9155 8699
4691 10652
3096 11293
9571 8381
8897 4112
3805 6614
3355 7355
2268 11697
9836 2401
10469 5338
10623 10637
9571 10600
8262 14166
5027 10350
13952 10579
6612 5788
4643 8618
13755 5055
5276 6007
13435 11489
10118 2605
3468 10789
7275 3052
5167 2477
2768 1001
7814 13390
11637 2750
9355 5264
14231 11698
980 10864
7642 4907
2018 12284
13525 13088
2704 1482
4461 13454
12970 11894
1425 13754
8048 8699
2171 13214
11175 2254
14214 1671
1009 11217
1736 7679
1846 1333
4742 141
12196 9699
5048 11529
7349 1254
9983 7368
2735 11759
6188 13021
9018 4928
12140 2432
13626 11626
1011 7483
13879 12541
6469 12203
9123 8204
5247 8284
6852 7305
8425 1730
2369 10788
13258 7033
12041 5922
14401 12091
3046 3270
7793 12064
8197 5298
11811 4504
14239 12821
9302 10799
8043 1136
8367 2531
6656 13614
10815 13507
6284 1921
602 5968
10024 11176
13001 7430
2463 10083
2202 5509
13352 9995
254 4230
12608 12064
6049 9529
7566 717
5693 975
13802 14060
821 5823
10355 8951
2012 13954
10871 14563
5287 6260
11104 3653
11005 10883
13735 10523
13707 9768
5883 13960
13997 1172
11389 2728
10700 1636
760 1759
2610 14561
13134 747
3066 6170
9697 5077
2805 5934
5005 8091
9509 13425
9060 3196
9673 8160
13718 8745
610 2282
5386 11922
3453 14090
15 11469
1091 774
10543 1017
12651 6358
1763 1082
12527 11459
6158 697
74 8478
6103 9583
7268 528
10094 14256
6004 9177
5682 6613
8774 11067
3900 9542
10522 1231
6376 11613
13954 2284
9945 11970
5957 11707
13051 3849
5847 4574
1861 5921
10368 7964
12819 317
8491 8278
11889 11810
136 2936
3788 8909
14003 5004
1132 7206
3550 7508
1500 2869
7107 11444
205 13064
5832 13255
14228 11679
511 1455
2965 8194
6734 1149
8510 590
6742 5764
12400 4193
8700 13503
13101 5384
1188 11548
9905 4737
4421 11405
7606 8844
8214 5126
4589 14046
3746 4182
8406 1572
2952 11370
9765 9685
9834 957
7591 13891
6720 2672
3449 12735
1540 13865
800 44
10778 10705
4780 12515
7475 9701
6724 13004
192 8628
9731 1254
10125 3502
2825 13077
237 9906
5443 7386
10862 13033
6642 2947
1070 10090
12998 14560
6636 13797
11919 2780
9867 2064
660 23
11765 4699
13027 9272
13326 8123
10525 6132
8941 10666
4574 9177
5937 10017
13879 2164
5731 5886
2426 4117
13292 12739
1358 2609
11902 13276
5388 4450
12655 3363
4473 7101
5377 181
1739 1384
5619 9579
7516 14559
5610 12089
6418 11546
4787 5662
11025 7834
8863 13451
9266 4836
11555 10623
7445 6138
6580 10148
10588 4600
13511 12376
11701 4253
9872 10755
5637 856
5699 10468
12731 11309
7922 4514
8220 10025
7491 4611
540 13669
743 9805
3871 9613
5793 8631
1117 12372
4144 9020
14287 336
4077 11353
1905 13948
4789 4857
12119 10488
690 10215
7162 5927
12044 12697
1317 4900
14623 13806
3935 12681
8976 5121
7660 12084
13751 6092
7137 576
12427 6790
912 1869
824 132
13132 5613
4988 10616
1466 5677
3513 5943
11603 922
4005 10236
3138 1310
6723 4388
13990 1065
9508 4331
13148 5940
10422 2967
3831 8214
9756 2058
7398 7895
2189 5895
10823 7176
13827 12288
10168 2705
912 4453
942 2233
12004 4079
3542 4092
8466 213
2472 655
4544 986
6594 331
1268 10425
5861 8339
9798 13258
1599 11987
4519 12422
1844 3711
7391 9328
3731 5619
13780 4672
7851 8465
6067 8708
12556 14532
8920 394
553 13463
13329 4462
11110 11912
12202 2336
5616 7366
959 7214
2034 2793
2317 3877
3819 7024
13204 7549
12642 9665
9537 5858
3495 969
14565 13367
12816 8850
11076 10684
4995 7086
512 1470
4363 10029
3805 9978
2760 2079
14507 2109
4872 2190
5986 8690
9213 1871
13555 7220
8852 5773
13077 12346
4057 10323
8394 2238
1854 4835
10238 6848
9236 8065
8317 13598
3459 9437
8941 3535
11516 6130
5643 13703
8319 8944
5074 213
10815 1310
7432 5032
7082 3190
59 11138
10828 5769
10692 12681
7919 6295
4895 2521
11675 10527
1484 499
2646 7741
4033 11477
13870 6992
10545 4870
1301 12934
5082 9431
14244 9829
11778 4007
13018 9153
12461 6527
287 5834
4573 8205
9444 6783
8041 6484
2676 9525
6982 2637
14581 8331
14113 13816
688 7339
1367 13938
5638 6448
8735 2563
1642 5878
6570 11975
12346 1712
3867 12632
7545 8439
3519 2354
12538 11559
8837 579
3765 13134
3215 3711
4146 9
208 4833
7347 1574
1453 10300
8021 10187
12863 6978
13380 2114
4318 8408
3825 5500
6405 8685
11255 7239
11038 9158
4164 2556
7052 7928
13005 7582
8955 2517
7590 6478
4665 12252
8052 6117
7917 13388
13619 6145
3048 9681
5574 7365
3454 6714
10181 7174
764 6801
14413 9117
1324 1258
11672 8375
6501 7359
13272 821
9875 6227
7299 11855
3844 12666
3338 11760
8735 14272
587 11782
6634 3476
1829 10087
10190 12009
14577 10953
4175 14355
5436 2814
12928 14423
8504 4794
7147 7141
2931 14337
10683 7545
11558 14526
5576 12211
8967 11626
11848 6869
8774 3848
10345 10602
11250 5900
7976 11192
14168 9466
8228 2285
9595 3837
14024 3464
8631 6536
7920 11561
3555 3968
4471 12428
3859 7362
10004 10141
4353 4533
14326 10442
5696 10036
6409 2312
13251 11700
10819 10100
3847 1729
12385 13441
5565 11774
2270 11511
991 7505
8437 1861
11472 10223
14288 12646
266 6973
8153 4619
11506 7844
426 2567
561 4151
2194 11127
1216 10329
6592 5063
12057 4342
1185 303
13431 3455
11814 11738
10959 2932
13598 5113
13155 13252
3124 13420
5590 11276
720 14411
1801 13096
14294 2361
2612 1853
13487 1143
9497 2761
3521 4235
4418 4706
4538 3215
5476 13667
318 13750
1964 11231
4228 484
7164 7352
11220 12754
1309 9255
9846 3110
7716 9505
2786 7643
11358 13589
8786 3536
1715 12306
7771 3448
2377 12308
6662 7852
11340 4295
6968 10619
892 8511
8419 8055
1228 5004
3490 2537
11574 10652
2962 4656
5522 3063
9614 14195
13967 3765
3097 12997
13387 10867
1811 13079
5856 5788
3613 2561
10083 7896
13179 8290
1772 4279
13660 3000
9282 14466
2852 3538
10483 3129
8193 1370
3507 488
12881 2840
1569 1343
1202 321
9525 3012
13399 746
8800 14327
622 1564
7588 11116
7169 9360
761 6194
9675 7358
6025 9842
10895 13823
10286 1769
12509 13792
2257 10755
1997 3825
9413 3199
1461 4303
3526 12175
5048 9641
11868 2985
11204 4821
14100 1054
11496 12176
7248 3852
4900 10588
11009 1160
9777 6660
2929 7651
5818 2501
1087 5130
6325 10499
5644 7785
167 9170
5325 2530
1492 14508
2830 10012
2011 2295
11065 13506
14471 3678
40 2052
11582 11048
3211 4040
390 3455
11690 3523
5955 10092
8652 9595
5956 14296
61 3438
6147 5386
3283 7638
2575 6112
331 4585
5722 11396
773 2874
12389 812
4925 9336
9175 5452
13375 6880
8906 7746
10402 12177
3203 4420
7137 6474
4081 4514
7227 7543
7215 10509
546 9789
13936 877
14374 2340
9588 512
5213 7342
13273 7454
13994 5129
12905 12734
12009 4492
3162 7776
13984 3680
9511 3803
7470 13591
8316 62
6499 896
7887 4361
10684 4504
2553 7739
6843 12140
5566 9372
4847 4204
14141 4206
9333 9727
14256 4023
11534 99
11798 10884
1094 3991
52 8563
2947 5683
8625 6762
3894 13827
8438 14577
3696 10990
4998 7855
8495 10563
14542 10657
12083 14048
12179 4097
6456 9116
8119 3355
6530 2598
14238 7623
6588 11605
1552 6851
14603 7492
10928 3862
4000 4731
1121 7695
13036 6118
12865 4212
13996 12772
234 11444
9501 9728
906 1322
4209 9024
4677 8054
8938 1596
1043 891
10517 14544
5057 10485
7401 1350
11663 8716
3396 12783
13726 1797
1582 11957
6008 943
7410 3558
9703 14227
13285 10608
914 176
2314 2906
8229 11251
1818 6587
9457 9650
6496 14514
2816 11212
13179 14478
5293 1941
12626 4385
3737 11523
13657 7061
12466 6432
10618 7534
3340 6584
823 4254
6759 3136
4475 12304
11702 6292
1572 3841
13257 8068
1036 1439
1961 14214
1282 7254
1520 11224
8954 2573
8112 5292
6949 3259
9039 2932
8108 12379
6831 8931
13948 10906
9382 3788
5891 3766
7396 7462
7606 6018
895 8641
7456 172
5536 6054
4741 4372
2643 13694
4260 8070
1667 11208
8645 10705
11455 2118
8449 3651
8364 7762
14556 428
8866 5812
4193 13577
10590 9114
4960 11484
436 9732
11655 5971
13101 13711
7658 13059
12770 11917
6494 11752
8490 12454
7823 5310
14572 13587
6277 5617
4031 3514
3360 12896
6642 7552
11838 2597
13981 14113
11396 11732
6526 5733
385 4992
4809 8042
3416 261
5325 7226
12012 11130
5045 5200
13756 2298
4153 5398
7915 8183
6227 11274
3760 12868
1508 12913
830 12804
12391 9542
9902 1599
640 10286
3906 5448
1009 4638
5708 6333
11863 3086
145 14223
5601 13900
1887 9753
1979 7117
617 8205
1072 4376
6439 2579
2654 4584
12699 12361
14125 5282
11275 12080
12883 546
2894 13891
5183 5917
2906 14361
6318 3050
13950 11919
2315 1202
7037 4293
8318 4970
9813 9389
6661 1617
9284 6631
3517 4664
1673 323
9945 12947
12403 8193
10808 12612
4765 13307
3894 7670
13033 10212
8035 12348
4812 7665
10865 11848
11957 1864
14133 4452
8569 6160
6068 534
12790 6900
5197 14462
7223 12457
10090 2307
3331 6263
12234 8095
4935 1493
13081 3334
9020 6481
12997 13831
14146 9228
8361 8784
11091 5175
13235 2341
11334 1985
2874 6805
8884 8070
6632 13422
3208 2087
13044 6538
8350 10643
14633 10600
9452 10395
11249 1153
2241 9612
350 13702
1521 6026
5168 9927
11200 1084
12268 5216
3068 507
12020 9268
5893 1334
5371 9100
3420 3781
1004 9085
14423 12952
2367 6556
8712 13615
7709 8268
8592 5374
4652 10112
8715 9819
5405 2596
10902 354
7811 11286
860 2513
5919 4068
3846 8605
13168 4581
12385 11487
10982 9490
7120 13348
1411 13147
9644 6435
6780 3602
11808 11431
11029 5888
6615 13749
8484 199
14102 13610
11484 328
13438 84
1711 2649
8688 244
4546 6439
9046 893
13244 1531
11556 11970
43 6565
3771 4139
7482 12894
935 3877
1464 4866
307 7263
2380 14409
6238 13863
12052 5042
13946 13762
5006 7999
11322 9551
11753 5733
7759 7678
4580 4680
5014 1938
8561 6100
6076 1408
4359 4327
2600 5822
9192 2907
13084 11571
14631 2004
8115 12048
4361 4742
8491 9366
10056 5178
1599 7175
8227 9357
12168 12806
11353 2547
12059 5279
5962 3501
4002 10321
7827 3918
13458 14334
4140 9224
8586 4136
11227 2066
13499 953
4123 7355
7634 14178
9849 6548
4034 3441
1271 1568
13562 9939
1430 10986
12533 7392
11802 1900
394 4994
3133 13851
2009 7272
8440 10594
11407 5032
9975 7587
3300 14097
308 8250
10957 10156
163 356
10912 13383
13873 7155
8687 12619
822 6585
5376 12624
5801 5769
2983 8933
2301 2308
13521 10741
12901 10293
13088 8242
562 13704
5020 869
7319 1342
8340 4797
13648 1933
862 10202
9087 9548
8186 9908
13449 10877
5213 4615
13961 5512
10863 1628
7819 9749
12368 6085
2724 8137
11642 3285
7206 2028
1469 11840
685 7124
13953 11648
9056 180
7216 824
7043 12717
10731 5857
8960 1310
7787 8286
6821 1332
9913 5
11080 4962
3405 11119
13099 413
11719 2986
14390 10503
12142 12390
2992 11460
6720 12047
8955 13935
12870 1363
9333 6283
7220 3658
4908 372
9260 9044
1703 1854
6364 10099
6816 9768
3899 2596
7496 12934
2897 4567
8802 404
14273 9110
11863 6358
3838 6183
2974 14024
7546 12306
2988 12081
13280 7895
9768 7905
14254 11471
9758 5983
4251 13889
13066 5465
1850 5928
3764 2063
7810 9882
2466 7448
1673 11645
13805 5510
509 2144
4899 5370
11766 7886
2816 10411
13096 12584
997 12715
6736 8070
1379 10986
7325 14445
13766 6490
3054 212
8552 10863
10093 8334
993 11765
5344 12113
14590 5852
14257 4855
11222 8704
10056 14037
4480 5834
11986 2792
1230 1403
10861 2609
9704 867
2419 8836
4673 5472
9047 13224
13650 4505
6923 8
13585 9582
12121 13540
800 9059
1076 12021
444 8448
8739 2239
11597 3407
5030 12826
4809 1256
800 14513
14073 3218
8714 4111
6005 442
16 2337
4946 4255
2344 1212
13836 11780
12067 1
3520 10459
9337 3963
1588 758
6201 13184
4164 11230
11375 6288
9802 9491
6166 6556
10024 12195
10666 1395
12636 10681
1047 263
301 3390
13424 11453
12486 10857
11453 13321
3997 3472
2650 5584
4229 6166
1449 5708
2762 12823
11995 9879
4995 3527
1800 385
13037 9781
13729 8355
3143 141
8617 760
846 7407
12212 10647
945 6346
9334 2257
9817 11983
7840 11361
3514 9288
2434 3591
4792 14429
10785 9787
637 9900
7487 13673
2362 6581
7393 5505
4037 13326
6264 4882
3414 3841
895 4358
10186 10228
3930 2685
4892 11769
14045 5721
3738 1845
6628 8529
13589 94
997 14225
9994 8483
10579 9671
12379 3338
541 1781
13979 6804
3979 2758
7960 4873
4431 828
12416 8360
3512 14623
2810 238
3025 6547
14032 9652
12391 12986
7062 10704
9892 14371
1868 5837
9407 14247
6490 9948
13343 5834
14067 2687
8591 7393
7559 10337
5536 2656
4062 6363
14594 4187
6600 2985
8049 5998
12636 5805
1665 5063
13824 11557
2115 1058
2759 11522
12620 6564
6835 11328
12397 3583
14015 3669
8291 4255
11321 13826
4227 12698
5554 4186
2250 9470
7170 10298
833 2488
13418 14447
4866 12608
11369 6981
13665 11443
3868 8966
3372 8018
5659 13084
11600 2355
2118 2573
3926 13438
1764 8152
11501 4634
9653 11066
14103 2189
6729 12251
1992 5513
12063 6857
3486 6114
11153 14466
2922 12336
8797 3610
5719 11771
2059 1
11442 1493
2573 733
12246 4336
6200 6429
6285 1218
176 5753
722 6905
3369 2713
9733 12748
6886 10534
4227 3404
7681 4464
1106 1843
5389 4140
10929 4764
4140 7736
3572 6712
5784 13133
8364 11983
2243 14
10517 2419
3083 11238
9323 3767
11267 1737
1880 3518
12270 3422
4237 5316
5202 5342
4474 10590
9482 12718
12669 10937
5820 1606
3015 8919
105 8694
6268 2347
6023 2150
2081 9105
10703 11403
12872 7335
13139 12067
10852 8090
855 455
13405 6056
3112 560
13961 9909
13278 11996
6212 4463
10917 6542
13381 8337
601 2330
8000 6623
1795 10080
13044 12498
6849 11281
5198 2669
8713 13366
8075 6883
13820 6845
12938 14247
7405 9581
9522 6048
6942 1099
7826 540
7640 3888
8877 5556
3534 2242
9494 5328
12321 7903
3191 1851
1865 5705
1836 10578
4436 9910
142 937
14070 10396
549 6840
5342 7386
10203 9599
8484 710
10138 1489
1914 4380
4360 5447
3937 13854
10774 13574
7122 11281
790 8987
14301 14575
2246 1418
9850 2387
2354 9286
12782 218
13441 805
7604 6326
10403 13403
4351 5907
12208 6264
7602 1933
9026 8855
1152 5166
7794 5590
13762 5899
14576 13428
5840 14137
12161 13005
13839 14514
4972 11987
12047 1095
12791 2332
7420 5876
1101 9086
9098 10624
716 14015
12556 7057
8235 11024
12222 1394
1979 8665
7293 13870
4774 10448
13372 2300
8818 12576
14129 11106
7244 8858
12200 2717
11189 2301
8592 9605
11386 371
2910 9417
14385 832
1840 7986
9171 11377
6695 11149
2724 13987
7700 7497
7116 6437
7113 13250
1694 6607
9721 8938
830 4602
8970 9335
6902 2927
1621 969
613 4531
7702 363
2678 6857
8348 11848
3599 409
5678 3638
11711 13377
8451 4193
2495 929
124 4188
7535 7160
10441 5681
11761 4776
12331 1344
5018 13951
2312 5630
3847 10013
5993 6524
14185 11656
1053 3150
12064 4046
4103 6457
2788 12553
7965 5282
13481 8088
6786 3698
613 2592
9378 12373
4684 4390
13716 9701
3706 13343
12647 4869
6038 1321
8708 5588
12976 9761
6053 7722
13806 10156
14178 13910
8074 7508
1873 4237
961 8658
7934 13523
8566 14627
8577 13249
4382 4974
5631 5403
3682 959
10271 7035
2279 4345
12623 12571
14105 4041
5658 10592
11512 5201
9867 2268
12708 9056
6504 10984
3079 11753
7188 8960
11745 1130
4890 13442
6103 7837
4210 7100
8795 14481
14135 8390
4191 12123
6326 977
13479 11983
8884 10357
2549 1433
12624 12572
10488 1809
6237 10882
13561 13424
5208 7987
14553 7413
6794 3337
615 8319
7752 9410
8165 4568
3165 9671
2056 9490
7963 12851
6838 14163
5889 6702
961 1194
1955 8764
3002 8191
5011 13878
6980 7534
7230 4214
313 11339
4866 927
5023 12617
7652 10504
2551 10816
2856 1922
2987 8135
12088 7140
7663 658
11157 8623
1851 13111
2752 2168
6667 5078
1411 10962
12612 5956
12491 12924
2660 2722
11166 4999
12655 4184
868 12521
12315 1039
11758 668
9173 6528
5123 2201
7185 1646
8139 9036
122 10890
8519 4105
13284 7246
12382 11261
13201 10239
6866 13177
10276 3397
3541 8296
7580 1724
3498 2577
2762 12572
3244 11935
4465 5682
11451 11649
7327 4956
3366 4765
13161 9201
6185 11810
1812 3932
8436 12328
11486 12617
10870 7128
1380 11726
12739 6275
13449 13553
6167 13527
11490 9410
8143 1320
12408 4959
10284 2416
9914 10966
4496 8441
2848 10680
5616 1975
11928 11368
14302 8779
6666 10538
13222 5361
4945 11327
11636 1076
10245 3168
14602 7100
9894 8110
5735 4983
13068 13334
7398 5664
6981 11894
11420 7144
5255 2401
9118 14498
11084 8786
5959 432
2005 4546
5792 6949
1238 109
8024 11482
593 5307
1263 7802
13416 4313
12784 9166
329 2863
12145 7309
122 8930
11769 2693
8646 6252
14506 2412
403 5830
2843 14357
10376 8634
3988 11613
8743 9327
5777 9335
14634 4355
2502 10731
8668 651
2578 8996
3513 88
13620 951
9017 10754
959 3029
2372 830
5440 90
6660 5598
14447 14351
14231 1116
11329 5655
10442 14421
355 10441
4142 172
3854 12809
12772 6431
4486 13601
6519 3471
14551 12851
11541 12825
13195 11228
10970 1316
11317 311
6913 8445
27 6510
9560 8672
9480 5368
8458 9835
13124 9915
10006 2343
5405 5460
6090 9890
4426 9924
10677 1658
8140 4899
14482 6701
1492 8133
5332 12808
8444 12245
3935 5786
1436 13494
14457 10915
1543 5597
3431 11983
877 10753
11641 6282
1578 3096
13487 6003
13019 6845
7660 3841
11743 4823
10541 10550
12955 13188
8724 4080
10798 9974
9866 9549
8833 9688
5830 7692
12600 9260
5040 13477
2694 13996
2440 4271
2458 13242
10273 12792
5453 614
1998 14511
2752 9854
10427 1073
8408 1832
2468 4571
11805 12333
14120 3319
4703 2631
8326 2668
9206 10681
13460 11900
10043 1265
1536 12500
14507 9125
7973 2641
7054 9971
2517 9806
5190 10259
8194 10913
9406 10661
12800 6576
5676 9601
7211 10378
12231 902
13045 6802
8899 11871
1383 4307
10451 2919
14122 10323
9359 7460
10279 1778
112 10112
8899 2618
5736 2458
13530 508
13119 11695
4399 4160
6661 8925
11853 1573
7143 7579
5691 1407
2131 7073
5713 12582
7307 5200
5586 2031
9975 1231
1125 10087
8658 10023
12704 14393
9797 8915
12216 8281
5976 13931
9756 9952
5537 4290
11525 12679
11868 14531
14085 13999
6969 5163
9262 14276
7678 12163
13622 335
13393 12062
10421 4732
7451 5806
4491 14563
86 14022
5525 3377
10634 646
10645 1537
2251 4851
14215 14118
4747 10982
10798 9031
1510 2741
8672 6504
270 4976
6838 10978
2403 14574
1076 7169
3061 2882
7097 462
2269 12621
1155 10219
10582 11799
11755 12832
13965 8651
9632 1393
4998 3111
10423 3824
5852 1777
7643 3437
6752 11796
14414 6470
11735 855
13639 12111
3736 3417
12572 3321
1404 13726
13539 9301
8206 7975
4815 4852
13941 11762
6244 4305
12188 13983
5444 3405
1125 13086
6841 5192
10247 3937
11661 4663
4791 10665
2139 5843
11398 76
9163 10117
11118 5383
4783 2005
10673 6913
4173 9979
4040 10416
11599 13544
7080 2408
2314 8204
859 6471
13395 8421
7723 10422
13083 12513
3768 587
3721 531
12613 10199
10647 9096
12897 12746
8416 8935
5024 12588
1596 6380
5686 13194
5289 12765
12918 4918
6335 11092
8704 2411
4879 1792
12832 3327
11621 13916
1230 12657
14446 13842
8222 7775
5619 3800
5886 11350
12735 8225
9304 11646
14604 355
7521 2574
10435 5804
7492 14085
2262 1561
1862 4456
669 12009
5098 12289
11290 6327
10311 8418
2850 1214
1558 5784
5014 4759
2500 430
12983 9119
12075 10269
9473 4961
12842 2589
10765 5699
2040 10342
4576 3901
12113 2560
13225 2576
214 9881
6219 7840
980 6384
9054 2537
12168 11383
4611 11983
11812 2959
6467 9252
13227 13255
14212 8751
1209 7658
11765 564
681 13656
4464 12793
1581 3055
12685 13744
10251 1585
6950 11230
7968 13319
11082 2817
10067 1058
12115 4560
1332 3947
13811 11875
14517 10704
5991 1092
3728 3121
1655 1724
14093 3435
14517 1039
3805 9883
149 11371
11467 4414
7966 4800
414 4413
4933 7796
2786 2413
12355 4117
3676 8847
13307 3558
4916 4663
1965 5959
5100 936
7683 4558
4370 4881
2912 5490
129 376
2226 11595
4789 7507
13710 2518
9235 1324
7629 12020
3737 5349
13452 7412
14195 12125
8285 1793
14103 10250
5067 1884
11185 10065
3757 12870
311 6669
3725 12389
7044 3266
9349 9149
10772 5741
11666 5372
7064 4661
2757 8116
7325 13524
12843 4202
8330 6494
5994 5115
2109 8376
6998 13293
3807 10755
8844 4117
2789 12568
1872 7148
13149 8536
1662 9286
11592 10644
23 1338
12620 95
9453 2626
10934 7662
6827 4630
11471 10136
9744 10895
3878 14057
9553 7684
7493 1078
9116 7597
10961 8303
111 9475
14155 13722
4126 11112
9731 4148
12449 5032
1558 4584
7658 12491
9561 14484
14436 6397
7302 6861
14607 8495
6284 6841
1544 11092
7918 7975
4055 4244
1644 4165
13718 13114
568 3209
9591 10299
4672 4722
12646 3545
6621 5669
1401 13497
2835 13153
2575 10136
5379 2547
3996 8978
9387 2855
5436 2670
8145 9490
6913 7104
10970 5996
5583 11537
6520 12490
4517 8507
14527 2529
12051 6513
8197 10767
5375 8347
9285 7949
3848 11980
10495 5159
6323 5247
5329 11758
5232 13474
3929 12144
5943 264
821 11526
9117 4656
6697 13633
13162 6589
13477 7894
10417 4356
1342 1157
12702 10627
6421 1916
5288 14231
4390 11610
2159 9719
6050 7390
8558 9978
4899 14500
7558 3035
8707 2040
7690 769
12988 3533
4673 11831
11426 455
1552 12767
13561 14253
6075 2663
13484 8678
2259 3240
5654 4417
10274 11703
9122 4197
4362 11336
1378 11919
14370 7401
11274 4741
5485 9628
8273 10158
6824 2380
10612 5691
12463 6855
5309 1219
9517 1475
9897 11776
2030 916
13508 12303
9934 7996
1865 14295
2013 558
8896 1749
7958 5535
6489 13443
528 12078
8966 4667
14457 2259
10357 9601
6429 12982
10820 1312
14456 6082
10403 1851
6997 9276
14153 14246
14587 13333
11222 1966
13890 5483
1030 4530
11018 4834
3338 8861
14227 9619
13528 11366
9193 9250
6332 988
7597 2517
2299 7418
8598 10017
6584 12910
1974 6102
12521 13877
4800 9109
13158 1372
14591 14187
5901 8290
1702 6554
2517 1295
1538 1410
12660 8046
10659 1673
6349 938
4190 5963
5671 12787
1345 12255
11063 3319
1038 6265
2561 3154
739 1084
4525 12646
12586 7741
6301 11603
14294 8817
12897 13147
7542 8238
6558 883
9911 12907
1820 11416
4235 4806
9568 2896
2426 3312
6214 3464
6893 6090
3933 7631
7173 8457
2958 2440
1563 6575
14042 1222
757 9621
14368 5615
3224 3607
6497 10450
13829 5632
7231 746
10437 14115
3641 10179
108 9854
10958 7000
13259 256
11947 5797
6028 12220
5552 7590
4160 4959
6127 2233
14579 3176
7847 485
6782 11659
8250 3293
2656 12797
4038 10408
12277 7678
5952 9700
213 14225
14016 13471
14480 8644
1949 5873
6229 7500
10778 10389
9774 2270
9937 9719
5445 3149
7519 9543
173 1134
10151 144
13930 14188
10551 8888
4547 13819
1270 4759
13409 651
911 10571
6610 175
13759 12838
7674 7219
5908 2813
6804 13160
9847 9565
1674 47
4473 13796
1181 11939
11255 12426
11492 7172
6680 13354
3672 7949
3478 14396
5915 1704
7648 12524
1878 4089
8043 6867
11307 11267
6995 3476
9792 2208
13040 8782
2254 194
5259 750
12132 1880
13176 6305
9051 2537
5024 10038
7801 5817
9799 13715
7520 2813
8920 6713
6901 14278
13579 889
10910 5940
4364 3384
5463 86
12165 5032
12229 2789
5782 7043
4668 1639
13347 11034
4175 3737
6437 11975
6869 1602
11055 14389
1730 2656
3783 5946
2299 2728
6834 13209
5983 8513
1958 11445
5914 11438
13792 3509
11542 4939
10551 1576
6577 6579
9925 10751
7631 1728
5407 14500
645 1827
11570 14324
1798 718
5635 4097
761 9784
2671 4059
978 1944
869 6892
10697 11977
7716 7604
2281 948
6495 6174
4842 1786
14240 12473
3513 5013
12338 1473
4155 9273
1162 5953
7306 6796
10049 5383
13895 10035
9441 238
9294 7626
4445 5356
4968 9476
10275 7248
7739 2136
13421 12581
3921 10343
7735 7433
721 5438
6221 4875
12026 7382
10827 2013
11493 3557
7395 10753
13591 2202
8306 5566
9827 10067
10921 160
2224 6562
4723 9963
8697 826
5225 9933
11168 12959
47 11888
1078 6267
14078 13103
13648 10271
481 10506
11143 5192
3940 10100
7393 12245
12981 2585
4993 9268
60 7217
13145 4782
2545 4523
2923 5085
14455 14090
3409 14501
8659 4486
6133 8103
270 2462
1055 12700
12967 12197
3257 14222
4978 10649
11832 3325
10549 2191
9908 7924
6723 5734
12706 9267
10256 994
14351 7392
12400 441
4574 6424
4926 8022
11842 2511
10483 12896
576 6131
7775 3833
5718 10068
11797 231
13392 7712
14371 5981
12951 6459
11714 11022
13041 4651
9332 10073
12042 4413
10513 13931
8152 12754
7318 5360
630 482
937 1206
6612 6027
2354 9645
1461 14150
7192 12168
4543 6928
3515 2860
10703 12544
11197 9109
2561 3210
4548 11918
7622 12376
11215 13090
10496 3898
3815 11125
1696 2067
9646 8307
8094 11999
634 9554
8831 7825
7087 13373
118 7917
13548 8136
5827 10111
2611 8387
10636 4474
5670 940
2215 14200
14029 12710
3464 525
6517 5159
2591 1528
10781 8000
10843 8730
235 2355
1920 4638
1093 13988
12554 11957
7489 1062
4749 10099
6764 750
11888 12434
13639 14103
9315 13033
9494 12778
10873 1376
618 13464
220 8715
4145 8378
2810 4380
10732 2046
9017 9140
1399 6936
6462 6203
5314 11210
13618 12077
9276 10871
7192 8280
10339 1873
3995 5199
11966 233
3890 12584
11012 4109
3980 523
12486 4105
4902 5899
6150 11234
405 4864
851 4182
11067 6164
12708 7366
3607 7349
3602 10798
12944 13941
12670 2304
1821 10002
14487 5710
5267 10864
7135 6562
8702 4986
10666 10919
8201 14132
7518 8605
1677 8369
12786 10059
11848 8175
2790 820
889 6392
8934 11149
3014 6969
10768 4834
14286 10620
7859 2234
4166 359
8795 12867
2661 2143
9152 10861
13590 13985
2147 632
5035 12248
8007 2249
5789 10796
3068 3993
14503 9317
507 2882
1652 11275
5031 13253
4576 10206
853 8741
10564 6963
6974 10540
9105 13441
6766 5376
12791 6228
3324 3192
3842 11330
5440 9630
7491 5823
13622 4676
506 11445
7557 14107
8085 9904
12725 12660
5475 10893
4083 13354
3222 11056
9260 9642
7178 13341
384 5334
4935 3707
5841 8776
402 11280
1087 5208
14419 74
9883 290
8834 122
11712 2284
10025 7118
12260 12815
3377 13658
11534 6598
10079 3475
13555 14572
2182 13938
5271 4432
326 11112
10523 12677
5073 11609
3251 4857
8998 10449
2462 3198
7886 11489
2797 592
3973 12372
13406 7349
11395 7622
11262 4155
11096 10182
4092 13277
6802 9363
3074 7127
3156 13596
5170 5544
7886 5736
7717 2250
1550 7494
2763 6752
4349 5559
7343 8321
3297 6115
12985 57
13736 9612
4212 10197
2475 8303
6156 6592
347 6545
13719 818
2823 1570
3678 10708
4621 11394
10273 3486
1569 13035
10237 5917
3960 2946
11553 4572
9060 9903
4628 5477
2196 6155
12989 4671
14458 4510
11262 12120
8371 7662
12938 11193
9231 1981
4582 13851
10690 221
19 12258
10571 10255
857 11846
13200 12409
1783 7625
7678 3727
10417 9873
9881 8772
11859 7020
13281 8487
4506 4333
1514 125
12841 8061
14055 2789
4593 7426
325 4611
5049 8211
232 5905
5423 13431
3680 4521
3738 8673
8247 14154
1227 3494
8291 13086
7829 4254
6938 12334
5902 5767
9774 4109
11143 9194
6897 1102
13935 4537
3028 4350
12747 575
7570 3535
11322 8565
8056 425
2603 13618
11894 3830
14427 2867
2281 7622
4436 6534
2637 10337
12300 12411
11761 6125
4286 1339
4542 3587
5875 7569
5252 3988
8144 12821
4838 2147
6752 10209
14521 6670
9193 11780
7815 6301
11962 7411
13922 13713
13944 1925
9416 8926
11651 3858
416 13252
5197 4957
14154 11071
9841 4771
12374 666
274 14528
2812 4341
7418 2698
11010 1976
11794 1507
8277 9121
8917 4880
8200 5543
4120 297
11784 1136
4154 9515
14388 9350
14471 11223
3103 6993
1360 12792
7659 1633
12685 7786
3289 5469
10484 11614
4760 7643
13120 10352
14079 7403
12548 7644
10261 2033
5256 7410
485 6726
2290 12188
13391 14076
8776 1859
6434 10135
11967 11408
9083 7333
4560 12371
12801 12359
9351 243
2683 5152
7910 2127
9870 5823
7087 5496
5172 12342
12905 5656
4433 12510
3209 3190
11951 11984
2364 1067
4801 14330
9790 13883
4345 11665
8936 2511
9389 968
69 12071
6119 5295
14198 1355
11117 6650
4166 13604
1673 14387
4625 3422
12262 7833
3927 6895
2499 6290
5277 7299
3302 432
3863 7646
12097 10114
7472 6851
11081 4857
1604 14516
10151 13117
13186 3949
2448 2717
2919 4120
2469 7543
7541 12047
12692 11467
4307 556
439 9583
5170 1056
10014 9032
6017 4792
1828 10804
8959 12908
1026 10562
12789 8492
9044 11340
12441 11491
11373 12675
12926 13841
2899 3149
11253 12906
11931 12875
10777 12369
7823 1312
10740 519
7660 2122
5310 9487
10242 14268
5076 11267
10195 547
5125 1920
9202 247
10726 5940
10237 9018
2463 13135
12166 11031
11407 9462
9272 7549
4513 14410
6177 12568
294 13836
12006 5604
6004 7613
2553 11079
4245 10064
8941 6685
11983 3509
4247 5391
6764 14483
14408 9226
12984 9255
5623 7072
1398 12210
14620 3226
11985 6162
1160 12279
2679 13165
564 8682
6143 432
2443 7703
10495 11383
11704 5160
12207 13266
10550 4337
13115 7639
10878 8780
14209 1866
13167 972
11391 13152
1514 8742
1996 2673
3702 1990
13153 4265
7988 1977
2012 10430
9679 12507
4494 4064
348 14017
2696 10897
3719 13126
1217 14596
4587 791
13778 3119
13712 10534
13586 591
1957 12897
579 5658
253 13731
7238 8240
1073 9250
1351 8068
4438 3160
9447 4785
2542 9458
12997 6260
5265 14213
3538 9851
12319 14631
10285 8712
7846 6553
6619 9803
4815 7197
12776 2383
3610 2696
7938 1998
11945 9288
7381 13698
9764 2194
3848 12305
8967 2210
1247 14232
13738 2100
6764 11422
2096 14365
2815 9941
6283 9433
2425 8413
1996 12517
8112 5605
578 1415
4918 12522
8019 12299
11585 3148
11808 12748
12768 6140
12273 14014
3053 11376
1479 7133
5479 890
6863 8293
8147 10461
3092 7887
1555 2403
5769 9666
5323 6346
11081 10240
4233 4465
7904 13133
4928 2393
8562 3061
8533 6200
14391 8901
257 13185
1399 3051
11391 8261
11344 4903
1403 11751
12789 2958
14153 3924
12623 2157
10269 9069
12396 11818
10849 2982
7632 13092
2690 13510
13469 11222
5075 13225
5489 2648
9091 4203
5698 5847
12464 2407
8065 13866
11473 6220
14139 8307
7459 12128
10463 409
3878 5541
9542 93
5838 2540
13184 8527
1415 9334
2431 3805
7924 5235
6452 14331
9437 12150
5543 7266
11872 10924
3814 8711
14459 634
14333 7283
12761 10162
7691 2005
13018 14549
14047 4221
2454 9912
10063 1184
4612 12493
4988 12535
3093 8756
9547 12530
6271 12406
2477 824
8695 3606
9534 8519
4240 6549
13117 14316
2076 3489
1686 12409
3403 1098
1995 5856
11010 9373
4355 12937
7232 9343
10837 7640
780 3066
5535 7050
837 5328
5189 9531
8933 89
3415 10488
6637 1897
10170 6028
5385 9171
3802 8788
10269 3112
11959 3960
12484 1680
2262 2397
8338 10414
10037 9117
13479 12887
13482 11631
3580 4036
6527 9829
1440 7257
2998 5392
6469 13167
8735 9170
7704 9852
639 654
10279 9913
1929 5445
8908 4190
7841 14561
11919 3243
9043 8080
13446 5206
5076 2391
6558 8919
9535 5313
13491 12533
8021 5326
11065 2121
11811 1450
9289 9765
14053 4933
5043 1347
10377 13951
2852 900
13877 137
1458 5602
5532 269
8123 10607
14610 11996
2207 9510
2675 1064
7408 8011
3705 1155
7447 881
14554 2101
7961 13973
4350 13003
12635 12042
9635 853
12941 6194
12939 14399
9111 3836
11983 14549
11758 11958
11911 11281
6834 11901
12344 11557
5277 13364
10027 12723
14244 9947
12140 4886
6601 1855
3254 4601
13896 10205
2769 9519
1764 1073
9283 8190
2224 3947
8104 11298
1271 2696
7944 5420
11912 2969
2342 14504
1698 12369
9909 13257
4997 7414
3508 11597
6584 6761
13513 5845
14281 1648
729 1410
36 7327
6915 2260
11274 12335
13557 9860
396 4182
645 9624
7150 302
9493 8847
9986 4767
7469 348
9496 10976
9260 1445
418 8139
4606 65
7102 2650
13424 7137
7293 5705
9396 3932
721 5634
11107 1116
7131 11751
8055 14280
12052 2914
5808 7404
4996 13276
5067 14492
6933 11643
13252 4667
5147 3223
4731 12248
3189 836
4750 10481
6540 11462
14412 4576
14411 10884
5692 6908
5316 11062
3869 49
13975 9677
4768 4337
5634 9835
1510 12567
6843 127
2599 9305
666 4645
4234 3854
5480 8983
14334 9336
3126 11427
13911 2903
4992 2284
7126 10307
13346 10994
10355 10002
6036 12439
11654 11670
7639 13163
6918 11797
10606 6832
6467 11271
11476 8016
12440 14271
2364 12139
8972 2806
6247 8249
3024 11238
7848 10149
4226 6559
6508 11896
1927 9860
9700 13580
6895 20
9425 11128
11816 5396
3325 964
13982 12116
8979 11787
9068 8659
6607 3406
8780 12853
8970 11803
9456 2183
7317 10997
6058 11140
8258 7984
6365 3324
4245 10575
3343 10985
4384 12475
13696 5024
13438 13043
14455 5099
7511 8889
11073 14117
12294 5218
9651 3945
2386 4472
6127 7018
834 12184
3523 6408
2849 7204
9731 4410
460 10389
760 4844
8229 11772
7183 4349
10180 7004
6763 373
1258 3201
14489 13551
8418 9506
177 8119
11293 6303
502 9443
1169 1340
1216 1333
5859 8262
5742 3635
1332 3818
8478 9561
12905 12976
11225 8450
5345 669
6138 6602
3869 3309
2834 9602
10130 3010
3086 4104
6629 903
13546 7797
2242 12077
6445 5417
3020 9503
9051 4352
10636 210
11228 8906
13185 7818
37 3896
5802 6175
7813 9670
9483 10647
1953 4978
10972 5038
9081 2966
5940 5309
8078 5497
2751 14523
8229 3087
9391 2645
7438 2708
170 4031
11613 13355
9164 11649
14566 331
3189 7744
7316 9987
1072 9268
330 12044
14305 6727
375 2926
12035 5769
5738 12101
2973 13967
12503 9679
13927 5306
12386 14097
9336 9364
12817 1181
6378 12748
1511 6883
3173 8826
2235 4245
3459 14515
1654 445
6607 13978
3370 1323
2428 6424
10739 5400
5756 8608
444 2364
11229 12829
1826 5931
4874 11958
7111 11252
7387 5938
816 10560
129 3050
12120 904
246 13773
1348 6852
10432 2034
5490 12860
8457 13545
941 11528
4834 1385
13891 1428
11529 13033
4674 1769
10356 9101
10336 425
12354 11151
10984 12482
14200 8469
13385 14446
4923 12049
3979 12670
14082 6785
8211 7904
3011 9152
4797 5160
7852 1369
6587 4746
14401 8577
6514 7439
359 2215
7863 12712
13365 4212
7875 10247
9996 6626
7374 12234
4040 8668
10269 803
818 3846
8706 1144
10313 10818
6303 3530
12186 10206
8275 11953
4148 12105
2073 1822
14319 9935
14533 10366
11462 7773
3294 6823
11714 10667
4422 13069
4700 12006
13871 2834
13167 5258
3977 8845
1441 7596
9690 13627
3167 3331
8261 4630
12751 10333
6451 12435
2949 6349
5482 14410
11437 8775
6598 5833
2123 8335
4267 4139
3022 820
6972 1555
6077 8264
7715 7518
1225 2771
3826 4391
3417 9402
9020 1533
2416 836
11283 5364
4500 14081
2455 13253
5537 9052
4451 7660
68 6033
11798 405
4168 1451
13909 10245
9714 6990
444 8255
7076 1585
12645 7808
10986 4347
6656 10717
2498 620
13396 4314
66 1216
2932 5603
7583 4698
13262 4966
8046 7741
5370 12214
9191 4645
7824 1586
8950 5583
9840 13341
7167 7851
3830 834
9513 10485
8866 12010
11104 7627
1689 8486
6158 1936
14088 13740
3949 10031
1387 11995
3137 6756
9574 9643
8716 79
11228 347
5661 6434
11003 10143
11600 198
10976 6478
10682 2523
1169 4468
10149 174
12953 13622
2109 9722
10043 6058
2434 11429
734 5570
866 10307
12528 6898
7701 9121
7244 13361
920 929
6185 12519
1126 14476
1678 9124
2364 2847
10907 9828
3020 6541
8815 2444
1628 4223
8501 4061
12967 6550
6946 13832
14172 4839
6095 7238
13959 10655
3280 12195
11583 9464
7395 10024
9305 9073
4513 11668
11919 12735
6861 304
4641 12991
2747 6268
2579 8564
7644 911
12429 11905
12059 11967
2109 835
4570 13384
11489 7850
10944 5753
14629 3704
1143 9300
12776 2971
3649 7376
1072 10510
4995 3028
6182 5058
6612 8761
10937 14255
6987 8731
11526 4411
6063 10950
5246 7949
9699 14050
13114 3324
2485 13108
7028 3627
7773 2485
3913 11422
7177 2300
4613 12171
5328 10794
2594 9255
2236 13530
8875 9223
4943 3082
10949 11005
11348 13510
1635 6412
10242 114
7052 12726
13222 11395
1718 6360
13879 2946
463 3737
2562 2391
1274 7889
13185 1183
2509 786
12029 8699
7324 2337
9097 955
10657 5810
14464 12292
9537 10071
12405 1954
8162 8308
13348 7195
34 9909
7457 12446
13645 10018
203 12234
588 10703
10733 412
11488 8127
6426 1494
7779 888
2448 3801
4013 14227
1458 13550
6980 11179
869 12457
4852 11533
2334 2201
6807 9790
11963 3133
2489 12165
733 392
5549 11465
803 14352
2273 7228
1211 10051
5432 974
13851 9444
12517 12625
5675 4862
6485 6544
14634 8652
758 2333
10853 7564
9438 5497
8012 9242
343 8744
9633 5891
2890 7751
5608 2478
12295 6819
12528 3092
5108 9061
9851 2990
4367 892
5167 10851
4751 2483
4868 5508
2131 13036
13071 8885
3898 6448
3492 1556
12508 10441
7446 12713
3557 13054
557 1217
2554 10400
4308 7661
4826 11475
7967 6508
12366 10449
2724 2482
12931 4908
7989 428
625 3741
9312 1839
7504 10119
3394 5377
5925 10840
772 9482
6575 13278
8014 9128
9043 9638
14104 11185
6478 4752
3058 4209
567 3098
4006 13497
5321 11994
11240 3261
1100 3233
5099 5919
13352 5809
8612 4642
13964 9383
11439 3220
8026 2135
12347 14384
11772 9132
10934 931
13884 11308
2455 14450
14405 6460
10628 2407
3819 7234
5667 2234
10466 8082
5468 6499
13890 14079
8457 10535
8827 5261
13754 14168
4711 8782
13918 1848
3279 7533
2778 14478
1522 5232
14293 1292
9007 7603
1014 10141
12152 6681
9690 5299
12078 524
11798 11333
14602 5620
4549 8795
8196 984
5644 12907
9765 2243
120 10359
9776 214
10203 11297
2761 7177
9905 11768
145 10918
7274 12296
280 2330
277 12357
2853 12074
6371 136
3059 8235
6246 8570
9218 11890
6842 4348
14132 4278
12023 6589
4491 7591
3252 4567
133 10472
1700 12228
4071 6290
7205 1667
5935 7481
14023 6103
4920 3076
6238 5294
11310 12484
13864 3210
9739 3387
4873 6552
7664 2261
13141 9470
9851 13708
14037 7300
9545 13052
4893 10931
2023 9413
12597 7957
2260 9302
11375 4495
12377 2979
7105 6368
828 3650
6893 7882
7036 11766
14433 66
14026 10255
6851 6559
9328 3569
11174 1554
1987 13382
12485 1325
8160 10447
6598 10419
2430 3338
12230 12122
6316 4700
1172 4459
8349 8064
9656 750
5195 6771
12765 1903
2391 4982
5777 11719
8550 2316
13272 7852
1063 8438
6493 9222
1567 13090
2323 3996
1793 11868
13434 5425
1933 14605
7199 7597
8034 2221
8346 10545
8991 3793
12447 11381
6090 905
5781 5
3220 1735
5173 1598
10172 11665
8135 9054
10120 7773
13050 9228
5006 11849
11968 6938
9135 4533
14534 2534
6753 5562
13078 13059
9354 8206
9805 809
6426 12902
12763 9645
2 617
8558 7489
12281 2059
1909 5082
9831 12274
11626 203
6804 8959
4456 1304
13491 1672
3837 2925
7233 14231
13299 13902
5118 5786
12026 11544
4053 10154
3870 1370
10771 9744
8858 5733
11802 10766
8131 4314
5721 5122
4516 12524
14080 6288
13827 10253
7959 346
10493 557
14576 9158
11774 2375
309 9165
11234 4361
2000 12420
5730 12770
7529 11903
1185 4696
5351 9315
9009 11071
14436 10841
8961 11197
2494 5469
4131 7768
5814 14624
8324 3071
9147 2779
5446 6771
11943 2045
8447 13942
14464 11492
9394 7358
8760 10578
9369 11426
5258 1060
7863 2375
9216 14139
13571 9025
2289 3068
2158 8103
373 7797
11173 6835
10575 13934
13605 7883
13295 4733
4506 13124
1590 13899
3164 7665
9842 9848
4457 12415
8223 9635
12105 2804
6455 11042
11828 8743
11425 13985
14161 11797
7147 8016
1313 403
7315 283
8285 5975
5015 12791
1781 3920
9371 2260
11584 1895
9423 13356
14309 3012
8356 11780
5815 12126
5503 325
6235 14243
11625 3077
11405 1454
11092 10033
1856 1089
10315 7457
7063 12645
2929 6159
13880 12299
5734 10829
14193 523
6867 11184
3534 588
8329 6664
12714 11147
4304 1630
10755 1295
4706 4841
64 13114
239 1919
14202 7869
9375 6630
3195 12303
10105 2440
7284 1204
10584 6842
13676 2816
3391 2575
720 9035
6555 10749
2863 8174
12378 13617
9468 14399
1139 9531
12878 1377
8766 12445
9245 822
1757 9755
10441 11861
12194 3090
10380 8144
7247 9422
10959 10638
9312 8994
2354 1232
5108 5217
6722 2851
1515 13505
14566 2654
8402 12809
4030 14483
7936 10591
670 9692
5711 11110
6918 587
11515 14613
8730 4128
9400 2370
12081 4078
11364 11750
2625 13787
2332 9346
2004 3847
8217 13885
6500 13934
12059 7845
11098 5360
1117 11767
417 4144
5559 4650
4730 14389
1945 10775
3882 11344
10460 13278
12737 4505
10394 728
3658 10041
7389 2977
13887 12921
2227 3068
9536 14285
8229 5999
2327 6661
448 59
10804 6006
4709 12849
3076 6653
8989 6958
678 2131
2917 13415
6635 13310
11458 10292
8717 4212
13268 5285
14449 860
5669 9350
12461 13897
715 153
5923 1162
211 14043
4483 2235
12257 7558
6203 3928
11831 6881
6058 114
2977 12692
10739 14434
8350 2137
1327 4299
4738 1141
2475 10406
7807 301
6984 8521
453 12906
6998 12613
12314 11480
214 7253
4403 3732
11180 13550
10612 2603
10979 10904
660 7083
10703 6325
6536 9346
10624 11273
10486 13098
7044 3658
10714 14027
9494 8482
9614 1857
6460 4610
10652 3989
11862 12371
7721 8407
11286 1014
8325 7630
11918 6300
12028 5302
12625 3929
13 5930
12517 7815
1709 2242
11472 12422
13584 3648
6269 8564
2820 10044
10489 13472
14033 7716
11208 7119
13438 5175
5448 4444
12804 2731
10743 7513
8033 8733
8758 8045
11978 6640
1225 13686
8882 10013
11473 7831
10976 423
13710 13795
10467 9564
12632 7181
14595 9205
11615 10714
14379 2428
523 9864
5159 11266
59 10507
2680 8816
1233 24
821 14408
13709 7018
7102 7864
12165 3443
5602 11240
2603 13384
3486 12551
5930 3446
7121 2910
14160 4182
2654 11998
11361 5128
8629 11419
1000 8625
5600 14182
8648 3737
13955 5038
8070 6422
10217 5600
9864 13135
2206 9783
11884 3007
7699 496
6452 12135
721 3293
13632 3374
657 10359
8501 6601
4459 6816
591 7375
6364 6554
8427 3000
11592 1862
9422 4490
7462 1967
2990 6983
11749 12190
9989 4813
12685 1806
14264 10721
2415 13261
14095 3071
6301 5277
9671 10760
12093 7578
816 1138
14131 9242
4137 8404
11103 10874
12894 3930
12841 13199
8228 7271
10754 3582
12084 6120
2704 9029
2207 5118
7655 1667
5504 11272
4259 540
4713 13667
8117 5528
170 4930
135 1623
13333 8553
12496 11592
9799 8018
10157 3392
655 3592
4290 10054
9712 6993
4448 11918
9426 9418
13584 295
6055 524
12784 10767
14191 3583
1660 11676
8512 13744
13298 7210
7663 8476
4168 2827
1859 11640
3534 14463
597 7823
9882 10308
12131 11645
7591 6922
6429 3856
4532 12483
4380 2682
5932 1252
6264 7591
12927 141
4017 11591
7350 11679
2748 8833
11821 1922
5838 12670
1751 3751
5859 8948
14058 3355
5959 4331
7593 9703
5502 12124
4867 7197
171 10798
8448 6434
1071 6741
3890 5087
1013 11240
2131 1076
5438 11267
2997 8592
9302 2063
12342 12476
8327 9081
1197 11601
13411 6105
6669 1595
3594 11535
8791 1081
5015 14555
4830 6085
3977 8720
11171 2305
5325 10617
3380 8078
4565 3692
2035 13866
3071 14376
11708 11397
6139 10220
8363 4915
13640 12347
6509 2599
9247 12616
995 11577
12536 5825
3027 1878
14544 14197
4182 2550
7495 4877
10627 12059
8568 9978
11291 11638
7035 5680
5716 13173
13215 14078
3454 12220
11790 7278
12134 3719
2575 10445
661 476
1635 3688
14303 1544
566 1166
1409 8061
6042 12035
2801 11926
7378 11407
8929 14413
2452 11961
12951 12982
11404 13720
7883 5876
3680 2699
6910 6254
13143 7570
4046 12093
8573 3714
10952 6455
4880 12360
14515 10921
9760 2681
8212 14454
11404 14457
11548 13855
9099 7180
9519 5868
6266 83
9059 7261
2781 1334
10830 13239
6220 241
10697 158
3955 7014
6612 6150
2055 3808
14386 11815
3805 7964
8950 574
5102 5863
11744 14200
13042 3944
2749 1989
4027 9124
9249 4123
10457 5445
2728 13992
3001 10740
14150 6955
436 3443
13104 2490
4567 10172
14304 8371
3501 5935
6260 5918
11797 685
2799 10205
4629 2863
9509 8655
9302 1440
12777 2441
6884 12820
1798 9884
8926 13263
14155 9361
2072 9940
11850 3954
5477 8836
12324 6293
136 1265
9526 9249
1949 9640
2135 6577
9819 11643
12547 4486
13082 10690
6926 2647
6191 8724
9847 482
7352 6683
7158 6739
1988 1690
10692 4781
10525 5697
8389 7976
6961 3281
2590 6226
10236 2040
12802 5420
13683 10715
9906 9446
4086 14147
12093 10276
8236 7305
8074 12904
13987 597
5008 13290
2286 13016
752 10126
4078 9141
784 8355
9737 689
14580 5338
2729 10063
8074 13727
3459 3345
8538 4860
2857 5996
12452 8409
10616 5891
3994 7284
3803 9001
5940 3405
4698 4007
13530 6092
13147 11629
14446 5565
12318 11707
10903 12362
4451 1658
11454 5226
2318 5357
10085 2490
11353 5218
10898 4650
11108 257
11934 12227
6574 555
997 11271
4561 11842
44 3074
8837 14489
8638 3836
8877 2222
1563 10644
3879 13016
1235 6196
1054 8635
8686 12406
13853 2265
14372 7642
14472 11671
5234 6411
12225 6230
363 2151
754 407
2540 9590
12211 11178
13425 3770
10715 12303
14413 11910
8000 12963
787 9053
6963 9472
4141 3497
9053 3878
11139 8890
914 13688
666 10454
2600 12978
12604 3353
10700 510
10258 8277
9003 6364
12046 2399
4032 9140
14308 12031
7468 461
3765 14430
7248 7905
609 1666
9098 9063
7871 10011
8116 5852
5830 8031
4196 1116
11383 261
13575 4322
5853 7943
10685 3264
10341 82
12403 7331
9428 5236
5107 13193
2348 12354
3779 272
11336 12877
9334 4572
5569 131
7740 8715
8162 11935
9830 2226
9511 8770
6548 730
14028 14548
1309 7050
11946 13712
11696 6739
1629 2168
2613 1292
11838 6392
1563 8539
1950 8212
10426 7518
8343 3531
13548 13820
12781 8743
13361 7658
194 2590
5703 11537
2504 7011
3953 14449
6088 12964
3869 5033
498 3798
3640 12335
7505 5203
3555 9454
10730 11296
14287 4438
12143 13201
939 10289
4625 14300
628 2135
2255 6330
13671 2074
13341 305
13838 2110
13269 3073
4458 13766
4186 8098
8782 11690
10616 9652
6509 6711
6313 3477
8465 3821
2043 9403
11426 3984
9068 12053
6118 8639
1065 5154
8028 14405
5459 4548
13830 1409
4936 3654
12490 9121
11751 6637
6176 5048
1654 10000
11758 5282
13476 5588
9103 12835
357 3210
2184 6740
628 8301
12694 1692
10770 3404
13412 13544
7951 9924
318 12886
13577 12807
7372 8009
2125 13547
13056 1094
6228 10179
6376 5069
1133 12794
585 13439
1369 2768
2860 13946
8384 920
12954 1836
1639 11731
745 9589
7020 13013
7840 3278
11185 577
11286 10626
11439 7023
11719 3032
2568 3460
5416 1016
1619 3317
11770 303
3400 14629
14249 11784
12864 12568
10935 14502
6980 11679
9456 14000
10057 14611
14593 3924
12503 11245
14549 9307
949 8949
9654 832
12409 12386
1847 11343
1068 10932
11646 4467
8243 8576
13566 6472
6509 9866
3656 13488
4227 10427
10169 11599
10404 10128
888 8272
4054 12752
261 5002
7067 7230
5834 2157
2297 4996
10815 680
1294 5142
5147 9536
13717 1394
13323 5591
11260 14294
4445 12802
10087 11929
9766 3172
7422 10654
8759 11475
6087 6335
1843 10469
13565 7676
12625 13177
12671 6122
13857 11280
11263 1685
3497 10346
3078 14136
13252 11653
13795 378
9820 9247
12307 4952
9734 5094
12921 3859
13885 4373
10193 1093
12158 6439
6084 7464
4982 1436
13585 1520
12716 10214
3204 13528
3241 3597
13029 1858
616 9506
14186 7751
1434 11858
10018 11168
14267 8304
392 13517
9993 7900
14609 7516
14339 6058
12295 2002
4810 11246
3521 207
4141 4040
13734 4697
7636 9445
6554 5567
4316 6105
10634 5749
644 6017
14232 277
14321 14623
13793 6995
5205 11084
11826 4909
14457 9486
4226 4632
6097 7746
4838 7553
9101 1254
12249 2102
10698 1485
4985 12329
4905 984
759 5549
7000 357
5825 4002
12295 2299
8312 2865
13382 5503
5089 13205
355 9314
3202 3767
14375 5356
8636 8841
6609 6250
8259 14622
7734 13243
12316 12639
11542 13074
869 1223
10746 4009
5225 8407
6307 13536
8587 2371
1721 13676
941 14025
5671 1458
3157 5412
6813 9108
14252 10737
724 5192
10724 5773
1116 5721
1093 12657
1477 1961
13880 12222
3285 1786
3310 6908
12637 9213
9278 11673
8254 10218
11063 11240
11675 11536
2017 1170
6009 13585
11906 6732
4142 5312
9821 5258
11032 10913
596 12508
10190 11791
7412 13474
10892 10721
5747 6211
5299 12340
3249 10868
7923 14312
7474 2280
11213 6806
3449 2587
5756 12670
6635 7214
3347 1821
9787 14379
10049 7698
9568 2920
4855 2345
13710 13062
10382 2138
4638 12996
14478 7887
6546 5082
4880 11335
7361 1458
3506 8125
1360 6578
3477 5310
13791 6823
4446 6259
3883 14495
13956 13451
96 1492
13111 13805
14554 8858
1309 4557
4536 1152
9759 11081
6233 4
7781 10910
13411 8602
4400 12087
545 7876
2762 14335
12015 7208
5959 1263
4384 2597
12029 4479
4088 7822
3650 4007
13995 2274
5880 3896
741 12954
342 4289
10274 5438
564 9050
14040 2280
6502 14584
7471 6580
11601 4851
13787 241
3430 3536
2837 12774
5330 6925
5961 8979
8247 5322
8568 14126
6533 9308
12446 6875
13597 5401
9628 14160
14450 9033
13755 3634
8983 6592
7529 3265
8758 6681
3505 9503
7532 3658
4959 12861
10582 10919
4522 4194
13556 13089
1002 5455
7763 10763
9645 6725
1529 1954
3566 13294
10987 2687
14243 2651
6594 7137
5915 12667
13817 6735
7536 4030
10392 12494
2257 3655
6094 4094
5165 2332
2548 6166
5102 7626
14244 12062
11666 1138
14015 598
14431 10367
600 14040
10333 4509
3858 13563
2541 3041
5664 10076
7070 1421
5251 6642
5076 8661
10735 7556
10992 10599
13721 13409
3590 13330
10836 622
11783 7532
13169 11579
3265 13768
8300 10913
958 12158
9842 3498
12514 871
13574 2265
14241 1506
6223 1998
10166 2323
9553 3839
10237 5955
2613 13827
4650 10764
11764 1798
3662 10298
10693 4242
6747 1674
520 7704
11147 10361
11201 6342
8547 7456
8607 8154
6278 195
10151 1809
14467 2386
2964 10070
8340 5576
6578 12990
13656 3707
12103 2683
11320 5477
6924 3432
4467 4759
8451 979
486 2333
7321 6348
9789 13243
14501 1432
13437 7334
556 10585
9719 3519
3336 740
6411 7229
13729 2748
10935 8514
5430 4936
11306 9669
5683 1138
11743 14133
2117 9544
1832 6753
1258 8936
5361 1124
7683 1479
5773 8238
9379 12807
9073 12715
13547 12799
5309 12641
912 13560
3836 3657
3861 508
10641 9544
1645 7749
6358 1077
14609 8189
7829 1232
14440 10505
14305 7488
11983 5444
13042 6728
3616 4796
2124 2528
2960 7432
12485 1187
3673 13636
2159 7534
14143 12799
14393 13104
3229 6116
11496 3203
11621 4691
1750 8742
561 1421
1596 9860
6864 11953
13903 7795
2114 1392
10323 2389
6139 5489
891 9812
4490 3049
2711 1315
13163 14419
11734 13707
5900 8595
2276 202
10601 1341
8944 8478
2761 7855
3703 6940
5173 287
101 7286
1678 7739
6990 7816
10543 7880
2993 398
8244 3019
13662 6772
2803 8077
5844 6019
2038 5435
3536 9954
6776 12479
3797 6852
3015 4815
13792 8187
5101 13892
12788 6778
4312 5143
11910 220
10338 12218
12567 3947
603 11595
8034 721
5037 11194
4055 4390
13944 7591
14344 3401
2751 3506
10253 5766
5637 9410
13952 10737
5983 9422
197 10294
14564 12106
10513 10268
9689 8445
11530 7607
2721 4930
8328 5074
1489 9698
9463 798
2654 6488
4199 5405
7310 14451
8486 12946
6542 7803
9048 12524
2590 6560
5499 14470
4031 1377
7419 11036
7137 4314
4008 9858
6559 9651
297 8047
2031 7075
6161 4684
13563 10359
7404 3554
7491 1255
1865 11348
6374 8228
9237 6279
154 101
3430 1500
13427 10848
12535 3245
12478 13859
13102 4402
6191 10714
9765 8221
471 1291
12905 11349
8965 2990
268 13771
1561 14082
10484 7934
7675 2402
11528 5144
14452 324
6644 13244
8487 4544
1854 3646
1084 12272
8048 7275
5667 494
861 3453
1784 11081
167 8064
11387 12384
7200 12947
11831 365
3562 2188
2766 12405
7331 2583
10044 11290
13142 3897
1200 12311
4858 14233
7264 10221
6873 12931
10714 5050
1749 9813
13446 13866
3242 10198
11615 7757
5826 6128
8121 9387
5631 10886
7158 12961
10784 2567
9617 9291
3779 8132
4284 8637
7730 11547
4223 11919
9843 12253
14284 8908
7431 13095
8139 7989
5975 2435
1111 11800
5878 9232
3869 11508
2799 11026
7151 10899
10908 2133
5555 12003
7580 7154
3321 12625
4067 4859
7225 11225
2477 6874
5498 9908
2651 10952
3262 8625
10703 1688
5790 1946
8235 6974
10770 11034
3365 3286
4614 11589
5418 10168
6273 10313
4 9593
8303 4070
14451 894
660 14244
7767 6158
9517 10417
14425 10094
1723 10493
9097 4829
9755 2698
11802 5890
11047 12483
9175 1026
9437 11908
8509 1075
7586 8512
7983 13204
12581 5115
14097 10557
4724 4546
2080 11556
12278 13820
4331 14001
6995 13428
1511 2115
1491 13312
5320 9853
11160 11810
10878 3278
9083 2068
1668 2034
10580 6966
12553 5842
12081 12016
1764 2170
1927 1159
13726 11520
345 3422
10886 4655
14165 12396
4085 12971
8390 9404
8189 2231
6579 1748
5509 12977
3816 4492
12326 11711
11458 10244
2918 8904
7625 1998
8389 6867
3156 4796
3753 816
8218 11954
2786 5064
7032 6870
3401 787
1639 11589
3017 5533
13337 5841
3875 2518
10333 1566
11544 4472
11810 14461
13375 2116
13774 4445
8983 14246
9241 10051
12377 140
7370 529
5203 14401
7398 8603
553 6353
2874 886
11885 1576
6726 13076
1409 2424
11957 12952
6895 6448
10094 2951
8564 6550
7396 228
6161 2002
10278 3903
2141 329
4431 4659
96 9145
13262 12598
863 13451
13483 10063
392 5575
5820 13750
5314 3143
9383 9525
9590 2158
12475 835
8707 2552
1062 233
1869 11339
4136 1325
8984 5882
5984 9079
392 1927
7042 13204
743 3207
8633 13084
6097 14452
9515 11410
2960 4263
3616 9866
3736 13407
10700 12443
1324 11762
9991 509
5782 11442
1833 131
2690 5132
6525 397
7058 10883
13601 5116
14089 7599
881 2867
4732 10395
14276 5008
11973 574
239 1075
13980 10938
10833 669
5381 6189
13127 8479
2997 326
8609 3002
5457 500
714 9831
8698 14314
312 8152
4594 1193
11018 9326
8903 7975
11649 6242
8548 11887
4632 5209
5506 830
3194 10887
4334 1686
4731 4646
2011 10655
4963 4784
8470 5677
14614 2533
5356 12241
8000 7266
10749 1699
13907 5018
6990 10921
8575 903
8173 10522
6112 10994
8667 6621
4562 13000
8306 6608
328 10317
2629 5290
12416 8414
8282 12395
8263 13638
7317 1628
3585 3432
3327 2857
5765 10316
13777 14339
8534 4631
10226 11961
12940 4258
3947 2868
14573 12253
9475 266
5251 9419
2872 3032
515 11153
12742 8777
7472 5424
10404 11056
6171 11046
11228 11935
4043 7686
11639 9893
12316 4546
4535 7938
6119 8482
10805 6058
3416 2961
3639 5982
9696 6510
6329 10210
3029 4436
4352 10500
7175 12071
4238 13346
5799 831
10646 9841
8517 4967
2415 3514
6828 6950
8767 12947
12747 4937
1686 1528
5214 5324
4825 275
9150 11153
7800 12178
12904 12151
5359 5444
6903 6912
1471 12701
7743 12117
5224 13575
14399 7638
14404 6592
14587 8537
4904 12699
10789 6589
11542 1368
9229 1732
13592 3744
10200 6757
13237 8469
1589 3961
13913 8492
8189 12699
3874 1297
10181 9097
12187 7261
14051 11956
13853 11319
3174 1438
6700 13963
5343 3607
12646 14571
2655 11604
996 12854
1042 14232
6689 2631
874 3283
8438 9062
1347 12311
7674 8844
4090 2542
1470 822
11814 12638
12140 353
14076 4205
11631 2100
5128 9643
13986 7782
3928 347
6001 4969
11894 10005
7599 12767
10603 13352
4511 11950
11029 9500
3475 12434
12042 2260
13255 9221
264 10760
6889 11655
12281 3886
13754 2774
10844 13105
10555 137
10767 13871
5105 8026
6558 10020
3474 2526
8737 7984
11791 2447
2850 12581
246 12207
207 10816
4109 12420
6942 10997
9440 1904
12198 5875
4677 8407
1661 12547
8543 12427
9099 10964
3134 1022
6349 6607
864 12401
14591 12654
214 122
7917 459
9644 8123
11275 13752
3224 898
7430 9979
2801 4994
1219 4793
10716 195
2705 1941
12621 9119
12904 1120
10141 1934
5042 11004
14334 4998
6339 14547
2435 11571
12322 12078
5059 6278
8511 8282
4491 1307
942 4607
